1.932847941949516098e+03
2.206638581539742063e+03
2.738471924055701948e+03
3.442109019026774604e+03
4.214956527213636036e+03
4.948078006635194470e+03
5.537167706576262390e+03
5.893516002960353944e+03
5.953956143631661689e+03
5.688830768693092068e+03
5.107153022753584992e+03
4.258352584471306727e+03
3.230275943408551484e+03
2.143430906124947342e+03
1.141801226501082283e+03
3.808796128852683864e+02
1.384731874256835837e+01
1.770396910994659834e+02
9.759578980075344816e+02
2.473102959329667556e+03
4.678813004304814058e+03
7.546081566786618168e+03
1.097003637365689610e+04
1.479238594780080530e+04
1.881072423212429203e+04
2.279215532851539683e+04
2.649029782240009808e+04
2.966438701199538264e+04
3.209894606461755757e+04
3.362236954138329747e+04
3.412277170747008495e+04
3.355960355484455795e+04
3.196983061249327511e+04
2.946787058468375471e+04
2.623898684193698864e+04
2.252638292774559523e+04
1.861280036448469400e+04
1.479794007574858188e+04
1.137346053339434366e+04
8.597611951311195298e+03
6.671712660993513055e+03
5.720640060917791743e+03
5.779287085166326506e+03
6.786534143158659390e+03
8.587729500625935543e+03
1.094599590373962565e+04
1.356193755832302668e+04
1.610056743128690141e+04
1.822357240073499997e+04
1.962444444572291104e+04
2.006358545684895944e+04
1.940028640340912898e+04
1.761851878358391696e+04
1.484376980787184584e+04
1.134869501187285641e+04
7.546124996568129973e+03
3.968899570320732892e+03
1.237049024696073730e+03
1.392254348144355980e+01
9.538946623297933911e+02
4.645178117240599931e+03
1.155195666842723949e+04
2.196045770422211353e+04
3.593366231144023914e+04
5.327907294893330982e+04
7.353332417992959381e+04
9.596645520790922455e+04
1.196074155739604030e+05
1.432909223737611901e+05
1.657242230878974078e+05
1.855707501769389200e+05
2.015461955159532663e+05
2.125212960091910209e+05
2.176247075477395265e+05
2.163388360241141636e+05
2.085814497621675255e+05
1.947663457810260588e+05
1.758372778056289535e+05
1.532707375829803059e+05
1.290449407039828802e+05
1.055744025372801407e+05
8.561167474855674664e+04
7.212000863715025480e+04
6.812277246698139061e+04
7.653723409032517520e+04
1.000016989993031166e+05
1.407058617622966121e+05
2.002345104659313802e+05
2.794343806645115255e+05
3.783129889026226010e+05
4.959767285746473935e+05
6.306134642708715983e+05
7.795224309026948176e+05
9.391915743643695023e+05
1.105419723332748748e+06
1.273478327180155786e+06
1.438305100025403081e+06
1.594719928775872570e+06
1.737651962446234189e+06
1.862365996919753263e+06
1.964676159922582563e+06
2.041135498032328207e+06
2.089191339097503107e+06
2.107298174760795664e+06
2.094982166027183412e+06
2.052854076341140782e+06
1.982570316262810258e+06
1.886744665604809532e+06
1.768815947495613713e+06
1.632879300945295021e+06
1.483490593258086592e+06
1.325454821636410896e+06
1.163610003331895219e+06
1.002618016899477341e+06
8.467731484169221949e+05
6.998377730156909674e+05
5.649127585970694199e+05
4.443479410317995935e+05
3.396955365345799946e+05
2.517067874627484707e+05
1.803696441120091768e+05
1.249830195713758148e+05
8.426125078842745279e+04
5.646096287103941722e+04
3.952163799589299742e+04
3.121087043801563050e+04
2.926554192800999226e+04
3.152093636307348424e+04
3.602105614497685019e+04
4.110500315621165646e+04
4.546612515562053886e+04
4.818257200453071709e+04
4.871982299722405151e+04
4.690751163716519659e+04
4.289437826159390534e+04
3.708633741380494757e+04
3.007339690661709028e+04
2.255148079786419839e+04
1.524509192464158150e+04
8.836233801105756356e+03
3.904155235651101975e+03
8.793634130510679370e+02
1.406609291011954355e+01
1.369851608179654477e+03
4.822096561200263750e+03
1.007939787592955327e+04
1.671533657909403701e+04
2.420915480507835673e+04
3.199150216104002538e+04
3.949129590600554366e+04
4.617993080663966975e+04
5.160953666232004616e+04
5.544266366068047500e+04
5.747161361345905607e+04
5.762655625503567717e+04
5.597249936582831288e+04
5.269604813635895698e+04
4.808363018658595684e+04
4.249342824183873017e+04
3.632361899837426608e+04
2.997964842911680535e+04
2.384318312923026315e+04
1.824508384142710565e+04
1.344428534782674615e+04
9.613882150606090363e+03
6.835064721070768428e+03
5.098882270902678101e+03
4.315178945733250657e+03
4.327509116326536969e+03
4.932422695637149445e+03
5.901249772986572680e+03
7.002418400941098298e+03
8.022409205236832349e+03
8.783671484502752719e+03
9.158172003697649416e+03
9.075685235837907385e+03
8.526422122021869654e+03
7.558091034891799609e+03
6.267948395968766818e+03
4.790790753071627478e+03
3.284135864809589748e+03
1.912017666124399966e+03
8.288697137215405064e+02
1.648955469158283904e+02
1.413435672479683625e+01
4.261473158857285739e+02
1.401901551464920431e+03
2.894046932238921272e+03
4.811398910771497867e+03
7.027090536641558174e+03
9.389566407400267053e+03
1.173538259105066027e+04
1.390266359452892175e+04
1.574405586562919598e+04
1.713810401286942579e+04
1.799814972863016737e+04
1.827809627634992285e+04
1.797467023983409308e+04
1.712612095741912344e+04
1.580759992985096687e+04
1.412373234271751608e+04
