5.590000000000000000e+02 7.200000000000000000e+02 1.240000000000000000e+02 3.300000000000000000e+01 1.000000000000000000e+00 1.200000000000000000e+01 5.000000000000000000e+00 1.000000000000000000e+00 0.000000000000000000e+00 0.000000000000000000e+00
2.642000000000000000e+03 1.086000000000000000e+03 4.300000000000000000e+01 8.000000000000000000e+00 4.200000000000000000e+01 7.000000000000000000e+00 1.000000000000000000e+00 6.000000000000000000e+00 0.000000000000000000e+00 0.000000000000000000e+00
6.309000000000000000e+03 1.136000000000000000e+03 1.800000000000000000e+01 5.100000000000000000e+01 2.100000000000000000e+01 9.000000000000000000e+00 1.200000000000000000e+01 1.000000000000000000e+00 4.000000000000000000e+00 0.000000000000000000e+00
1.147900000000000000e+04 8.650000000000000000e+02 1.320000000000000000e+02 6.800000000000000000e+01 3.000000000000000000e+00 2.500000000000000000e+01 1.000000000000000000e+00 7.000000000000000000e+00 0.000000000000000000e+00 0.000000000000000000e+00
1.653600000000000000e+04 3.870000000000000000e+02 2.570000000000000000e+02 2.800000000000000000e+01 5.800000000000000000e+01 2.000000000000000000e+00 1.100000000000000000e+01 1.000000000000000000e+00 7.000000000000000000e+00 0.000000000000000000e+00
2.242800000000000000e+04 5.800000000000000000e+01 2.350000000000000000e+02 8.000000000000000000e+00 5.600000000000000000e+01 1.700000000000000000e+01 6.000000000000000000e+00 1.000000000000000000e+01 0.000000000000000000e+00 0.000000000000000000e+00
2.760100000000000000e+04 1.070000000000000000e+02 1.380000000000000000e+02 6.000000000000000000e+01 5.000000000000000000e+00 3.100000000000000000e+01 6.000000000000000000e+00 5.000000000000000000e+00 8.000000000000000000e+00 0.000000000000000000e+00
3.106800000000000000e+04 5.460000000000000000e+02 3.800000000000000000e+01 1.140000000000000000e+02 2.400000000000000000e+01 4.000000000000000000e+00 2.000000000000000000e+01 7.000000000000000000e+00 1.000000000000000000e+00 4.000000000000000000e+00
3.222500000000000000e+04 1.270000000000000000e+03 6.600000000000000000e+01 8.500000000000000000e+01 8.400000000000000000e+01 2.000000000000000000e+01 3.000000000000000000e+00 1.400000000000000000e+01 1.300000000000000000e+01 2.000000000000000000e+00
3.296500000000000000e+04 2.041000000000000000e+03 2.180000000000000000e+02 3.300000000000000000e+01 6.900000000000000000e+01 4.800000000000000000e+01 9.000000000000000000e+00 1.000000000000000000e+00 3.000000000000000000e+00 5.000000000000000000e+00
3.196100000000000000e+04 2.505000000000000000e+03 3.860000000000000000e+02 2.200000000000000000e+01 1.400000000000000000e+01 2.500000000000000000e+01 2.100000000000000000e+01 1.800000000000000000e+01 6.000000000000000000e+00 1.000000000000000000e+00
2.915400000000000000e+04 2.694000000000000000e+03 4.230000000000000000e+02 6.700000000000000000e+01 2.000000000000000000e+01 3.000000000000000000e+00 5.000000000000000000e+00 1.300000000000000000e+01 1.300000000000000000e+01 9.000000000000000000e+00
2.538700000000000000e+04 2.517000000000000000e+03 3.370000000000000000e+02 1.600000000000000000e+02 9.900000000000000000e+01 4.300000000000000000e+01 1.000000000000000000e+01 2.000000000000000000e+00 2.000000000000000000e+00 1.000000000000000000e+00
2.071100000000000000e+04 1.865000000000000000e+03 1.740000000000000000e+02 1.780000000000000000e+02 1.500000000000000000e+02 6.700000000000000000e+01 3.400000000000000000e+01 1.800000000000000000e+01 1.300000000000000000e+01 1.300000000000000000e+01
1.509600000000000000e+04 1.072000000000000000e+03 4.000000000000000000e+01 1.400000000000000000e+02 8.800000000000000000e+01 3.600000000000000000e+01 1.800000000000000000e+01 2.100000000000000000e+01 1.100000000000000000e+01 5.000000000000000000e+00
1.040500000000000000e+04 4.720000000000000000e+02 2.600000000000000000e+01 6.500000000000000000e+01 1.800000000000000000e+01 4.000000000000000000e+00 5.000000000000000000e+00 3.000000000000000000e+00 3.000000000000000000e+00 4.000000000000000000e+00
6.481000000000000000e+03 9.500000000000000000e+01 1.500000000000000000e+02 2.800000000000000000e+01 1.800000000000000000e+01 3.600000000000000000e+01 2.400000000000000000e+01 2.100000000000000000e+01 2.100000000000000000e+01 1.400000000000000000e+01
3.097000000000000000e+03 1.620000000000000000e+02 4.160000000000000000e+02 7.400000000000000000e+01 1.050000000000000000e+02 8.800000000000000000e+01 3.700000000000000000e+01 3.400000000000000000e+01 1.300000000000000000e+01 5.000000000000000000e+00
1.570000000000000000e+03 7.530000000000000000e+02 6.650000000000000000e+02 1.530000000000000000e+02 1.850000000000000000e+02 7.300000000000000000e+01 2.300000000000000000e+01 1.200000000000000000e+01 1.000000000000000000e+00 7.000000000000000000e+00
2.012000000000000000e+03 1.940000000000000000e+03 8.550000000000000000e+02 2.470000000000000000e+02 1.680000000000000000e+02 3.300000000000000000e+01 8.000000000000000000e+00 3.000000000000000000e+00 1.800000000000000000e+01 1.500000000000000000e+01
4.528000000000000000e+03 3.526000000000000000e+03 8.740000000000000000e+02 3.070000000000000000e+02 1.090000000000000000e+02 3.000000000000000000e+00 2.400000000000000000e+01 3.600000000000000000e+01 2.600000000000000000e+01 6.000000000000000000e+00
1.002300000000000000e+04 5.537000000000000000e+03 7.810000000000000000e+02 2.760000000000000000e+02 1.600000000000000000e+01 7.800000000000000000e+01 6.100000000000000000e+01 4.200000000000000000e+01 9.000000000000000000e+00 7.000000000000000000e+00
1.735100000000000000e+04 7.458000000000000000e+03 5.800000000000000000e+02 1.960000000000000000e+02 1.800000000000000000e+01 1.710000000000000000e+02 5.500000000000000000e+01 2.400000000000000000e+01 7.000000000000000000e+00 2.200000000000000000e+01
2.886500000000000000e+04 9.386000000000000000e+03 3.130000000000000000e+02 1.190000000000000000e+02 1.320000000000000000e+02 1.600000000000000000e+02 2.200000000000000000e+01 8.000000000000000000e+00 4.000000000000000000e+01 2.000000000000000000e+01
4.078600000000000000e+04 1.077600000000000000e+04 1.340000000000000000e+02 1.290000000000000000e+02 2.630000000000000000e+02 1.050000000000000000e+02 1.700000000000000000e+01 3.800000000000000000e+01 4.000000000000000000e+01 4.000000000000000000e+00
5.885800000000000000e+04 1.166300000000000000e+04 8.300000000000000000e+01 1.860000000000000000e+02 3.680000000000000000e+02 2.300000000000000000e+01 3.600000000000000000e+01 5.900000000000000000e+01 6.000000000000000000e+00 1.400000000000000000e+01
7.690200000000000000e+04 1.200400000000000000e+04 2.080000000000000000e+02 3.040000000000000000e+02 3.380000000000000000e+02 1.700000000000000000e+01 7.500000000000000000e+01 4.300000000000000000e+01 1.300000000000000000e+01 2.000000000000000000e+01
1.003350000000000000e+05 1.160900000000000000e+04 4.510000000000000000e+02 4.500000000000000000e+02 2.090000000000000000e+02 1.050000000000000000e+02 6.500000000000000000e+01 6.000000000000000000e+00 5.300000000000000000e+01 7.000000000000000000e+00
1.276910000000000000e+05 1.144700000000000000e+04 8.490000000000000000e+02 6.390000000000000000e+02 6.000000000000000000e+01 2.110000000000000000e+02 4.500000000000000000e+01 1.400000000000000000e+01 4.600000000000000000e+01 4.000000000000000000e+00
1.478380000000000000e+05 9.581000000000000000e+03 1.174000000000000000e+03 6.540000000000000000e+02 4.000000000000000000e+00 2.480000000000000000e+02 2.200000000000000000e+01 4.600000000000000000e+01 1.800000000000000000e+01 2.200000000000000000e+01
1.812160000000000000e+05 7.312000000000000000e+03 1.494000000000000000e+03 5.970000000000000000e+02 6.900000000000000000e+01 1.380000000000000000e+02 3.000000000000000000e+01 7.200000000000000000e+01 7.000000000000000000e+00 3.300000000000000000e+01
2.140310000000000000e+05 5.771000000000000000e+03 1.652000000000000000e+03 4.900000000000000000e+02 2.420000000000000000e+02 4.200000000000000000e+01 7.600000000000000000e+01 5.000000000000000000e+01 4.200000000000000000e+01 1.300000000000000000e+01
2.390680000000000000e+05 3.444000000000000000e+03 1.723000000000000000e+03 3.260000000000000000e+02 4.330000000000000000e+02 3.000000000000000000e+00 9.500000000000000000e+01 1.600000000000000000e+01 8.800000000000000000e+01 5.000000000000000000e+00
2.775880000000000000e+05 2.037000000000000000e+03 1.420000000000000000e+03 2.040000000000000000e+02 5.170000000000000000e+02 9.000000000000000000e+01 8.300000000000000000e+01 9.000000000000000000e+00 5.700000000000000000e+01 2.500000000000000000e+01
3.164560000000000000e+05 9.260000000000000000e+02 1.158000000000000000e+03 1.690000000000000000e+02 4.510000000000000000e+02 2.480000000000000000e+02 5.500000000000000000e+01 5.400000000000000000e+01 1.000000000000000000e+01 5.000000000000000000e+01
3.460380000000000000e+05 6.090000000000000000e+02 7.410000000000000000e+02 2.620000000000000000e+02 3.610000000000000000e+02 4.300000000000000000e+02 3.900000000000000000e+01 9.000000000000000000e+01 1.200000000000000000e+01 2.800000000000000000e+01
3.815180000000000000e+05 1.260000000000000000e+03 3.660000000000000000e+02 4.110000000000000000e+02 1.420000000000000000e+02 4.930000000000000000e+02 6.200000000000000000e+01 1.160000000000000000e+02 6.600000000000000000e+01 5.000000000000000000e+00
4.285670000000000000e+05 3.238000000000000000e+03 1.380000000000000000e+02 7.170000000000000000e+02 1.800000000000000000e+01 3.880000000000000000e+02 1.470000000000000000e+02 6.100000000000000000e+01 1.120000000000000000e+02 2.400000000000000000e+01
4.686830000000000000e+05 6.819000000000000000e+03 1.430000000000000000e+02 1.038000000000000000e+03 5.300000000000000000e+01 1.990000000000000000e+02 1.970000000000000000e+02 7.000000000000000000e+00 7.300000000000000000e+01 6.300000000000000000e+01
5.002500000000000000e+05 1.133500000000000000e+04 4.130000000000000000e+02 1.378000000000000000e+03 2.930000000000000000e+02 4.000000000000000000e+01 1.830000000000000000e+02 1.400000000000000000e+01 1.300000000000000000e+01 6.800000000000000000e+01
5.283140000000000000e+05 1.816400000000000000e+04 1.072000000000000000e+03 1.555000000000000000e+03 6.680000000000000000e+02 4.600000000000000000e+01 1.280000000000000000e+02 6.600000000000000000e+01 2.100000000000000000e+01 2.100000000000000000e+01
5.776030000000000000e+05 2.621900000000000000e+04 2.045000000000000000e+03 1.533000000000000000e+03 1.090000000000000000e+03 2.200000000000000000e+02 7.200000000000000000e+01 1.260000000000000000e+02 1.100000000000000000e+02 5.000000000000000000e+00
6.216390000000000000e+05 3.515600000000000000e+04 3.396000000000000000e+03 1.470000000000000000e+03 1.591000000000000000e+03 5.640000000000000000e+02 6.600000000000000000e+01 1.310000000000000000e+02 1.960000000000000000e+02 5.000000000000000000e+01
6.597770000000000000e+05 4.738400000000000000e+04 4.617000000000000000e+03 1.134000000000000000e+03 1.850000000000000000e+03 7.440000000000000000e+02 1.140000000000000000e+02 9.100000000000000000e+01 2.050000000000000000e+02 1.180000000000000000e+02
6.748800000000000000e+05 5.860300000000000000e+04 6.300000000000000000e+03 1.131000000000000000e+03 1.796000000000000000e+03 8.330000000000000000e+02 2.270000000000000000e+02 3.000000000000000000e+01 1.220000000000000000e+02 1.170000000000000000e+02
7.135460000000000000e+05 7.163000000000000000e+04 7.591000000000000000e+03 1.105000000000000000e+03 1.448000000000000000e+03 6.700000000000000000e+02 2.950000000000000000e+02 5.900000000000000000e+01 2.800000000000000000e+01 4.800000000000000000e+01
7.344950000000000000e+05 8.801900000000000000e+04 9.440000000000000000e+03 1.436000000000000000e+03 9.350000000000000000e+02 3.720000000000000000e+02 3.030000000000000000e+02 1.670000000000000000e+02 4.600000000000000000e+01 9.000000000000000000e+00
7.731110000000000000e+05 1.053800000000000000e+05 1.015500000000000000e+04 2.050000000000000000e+03 4.360000000000000000e+02 1.600000000000000000e+02 2.160000000000000000e+02 2.870000000000000000e+02 1.830000000000000000e+02 5.500000000000000000e+01
8.134070000000000000e+05 1.212610000000000000e+05 1.108100000000000000e+04 3.496000000000000000e+03 1.670000000000000000e+02 2.960000000000000000e+02 1.340000000000000000e+02 4.250000000000000000e+02 3.360000000000000000e+02 1.510000000000000000e+02
8.498100000000000000e+05 1.353030000000000000e+05 1.184300000000000000e+04 5.511000000000000000e+03 4.460000000000000000e+02 8.500000000000000000e+02 1.590000000000000000e+02 2.990000000000000000e+02 3.380000000000000000e+02 1.960000000000000000e+02
8.873960000000000000e+05 1.523420000000000000e+05 1.176000000000000000e+04 8.590000000000000000e+03 1.451000000000000000e+03 2.202000000000000000e+03 4.570000000000000000e+02 1.690000000000000000e+02 1.590000000000000000e+02 1.250000000000000000e+02
9.055230000000000000e+05 1.700320000000000000e+05 1.095100000000000000e+04 1.196500000000000000e+04 3.395000000000000000e+03 3.678000000000000000e+03 1.055000000000000000e+03 2.700000000000000000e+01 8.100000000000000000e+01 2.000000000000000000e+00
9.258940000000000000e+05 1.873550000000000000e+05 1.021500000000000000e+04 1.571600000000000000e+04 6.049000000000000000e+03 5.442000000000000000e+03 2.069000000000000000e+03 7.800000000000000000e+01 4.600000000000000000e+02 1.310000000000000000e+02
9.405980000000000000e+05 2.019000000000000000e+05 8.942000000000000000e+03 2.085300000000000000e+04 9.627000000000000000e+03 6.737000000000000000e+03 3.121000000000000000e+03 4.390000000000000000e+02 1.368000000000000000e+03 6.600000000000000000e+02
9.520480000000000000e+05 2.133980000000000000e+05 7.354000000000000000e+03 2.604800000000000000e+04 1.383700000000000000e+04 7.718000000000000000e+03 4.451000000000000000e+03 1.244000000000000000e+03 2.699000000000000000e+03 1.649000000000000000e+03
9.720230000000000000e+05 2.219630000000000000e+05 5.815000000000000000e+03 3.127200000000000000e+04 1.820100000000000000e+04 7.354000000000000000e+03 5.474000000000000000e+03 2.421000000000000000e+03 4.045000000000000000e+03 2.450000000000000000e+03
9.866730000000000000e+05 2.364750000000000000e+05 4.207000000000000000e+03 3.595400000000000000e+04 2.285800000000000000e+04 6.285000000000000000e+03 6.269000000000000000e+03 3.759000000000000000e+03 4.445000000000000000e+03 3.014000000000000000e+03
9.871450000000000000e+05 2.408510000000000000e+05 2.796000000000000000e+03 3.892400000000000000e+04 2.595900000000000000e+04 4.478000000000000000e+03 6.914000000000000000e+03 5.012000000000000000e+03 3.654000000000000000e+03 2.790000000000000000e+03
9.928030000000000000e+05 2.454950000000000000e+05 1.728000000000000000e+03 4.210000000000000000e+04 2.885700000000000000e+04 2.606000000000000000e+03 6.720000000000000000e+03 5.990000000000000000e+03 2.286000000000000000e+03 2.079000000000000000e+03
9.958620000000000000e+05 2.476270000000000000e+05 9.440000000000000000e+02 4.333100000000000000e+04 3.089000000000000000e+04 1.372000000000000000e+03 6.780000000000000000e+03 6.742000000000000000e+03 1.037000000000000000e+03 1.364000000000000000e+03
9.899450000000000000e+05 2.468760000000000000e+05 7.520000000000000000e+02 4.379000000000000000e+04 3.188900000000000000e+04 8.410000000000000000e+02 6.844000000000000000e+03 6.838000000000000000e+03 4.780000000000000000e+02 1.029000000000000000e+03
9.938010000000000000e+05 2.481030000000000000e+05 9.750000000000000000e+02 4.378800000000000000e+04 3.182700000000000000e+04 1.144000000000000000e+03 6.822000000000000000e+03 6.995000000000000000e+03 8.980000000000000000e+02 1.239000000000000000e+03
9.909210000000000000e+05 2.475780000000000000e+05 1.609000000000000000e+03 4.255800000000000000e+04 2.982300000000000000e+04 2.418000000000000000e+03 6.796000000000000000e+03 6.395000000000000000e+03 1.952000000000000000e+03 1.832000000000000000e+03
9.900630000000000000e+05 2.428860000000000000e+05 2.763000000000000000e+03 4.013900000000000000e+04 2.716000000000000000e+04 4.257000000000000000e+03 6.643000000000000000e+03 5.433000000000000000e+03 3.374000000000000000e+03 2.407000000000000000e+03
9.848360000000000000e+05 2.369470000000000000e+05 4.153000000000000000e+03 3.664700000000000000e+04 2.414900000000000000e+04 5.809000000000000000e+03 6.186000000000000000e+03 4.364000000000000000e+03 3.725000000000000000e+03 2.538000000000000000e+03
9.745030000000000000e+05 2.289710000000000000e+05 5.745000000000000000e+03 3.215300000000000000e+04 2.011000000000000000e+04 7.014000000000000000e+03 5.268000000000000000e+03 3.040000000000000000e+03 3.332000000000000000e+03 2.100000000000000000e+03
9.674730000000000000e+05 2.200910000000000000e+05 7.653000000000000000e+03 2.717100000000000000e+04 1.530500000000000000e+04 7.009000000000000000e+03 4.308000000000000000e+03 1.794000000000000000e+03 2.312000000000000000e+03 1.342000000000000000e+03
9.534420000000000000e+05 2.080460000000000000e+05 9.136000000000000000e+03 2.180400000000000000e+04 1.118700000000000000e+04 6.603000000000000000e+03 3.137000000000000000e+03 7.960000000000000000e+02 1.175000000000000000e+03 5.590000000000000000e+02
9.370720000000000000e+05 1.920300000000000000e+05 1.025400000000000000e+04 1.752100000000000000e+04 7.822000000000000000e+03 5.038000000000000000e+03 1.837000000000000000e+03 2.530000000000000000e+02 3.680000000000000000e+02 1.210000000000000000e+02
9.170860000000000000e+05 1.741040000000000000e+05 1.148300000000000000e+04 1.296800000000000000e+04 4.465000000000000000e+03 3.595000000000000000e+03 9.630000000000000000e+02 2.300000000000000000e+01 4.400000000000000000e+01 2.600000000000000000e+01
8.821920000000000000e+05 1.565130000000000000e+05 1.225000000000000000e+04 9.103000000000000000e+03 2.223000000000000000e+03 1.923000000000000000e+03 3.620000000000000000e+02 3.500000000000000000e+01 1.120000000000000000e+02 8.600000000000000000e+01
8.492470000000000000e+05 1.427440000000000000e+05 1.216900000000000000e+04 6.159000000000000000e+03 8.010000000000000000e+02 8.040000000000000000e+02 6.100000000000000000e+01 1.100000000000000000e+02 1.880000000000000000e+02 1.500000000000000000e+02
8.138660000000000000e+05 1.283550000000000000e+05 1.163400000000000000e+04 3.821000000000000000e+03 2.280000000000000000e+02 2.200000000000000000e+02 2.600000000000000000e+01 1.330000000000000000e+02 2.000000000000000000e+02 8.200000000000000000e+01
7.773010000000000000e+05 1.110460000000000000e+05 1.116000000000000000e+04 2.251000000000000000e+03 1.530000000000000000e+02 1.220000000000000000e+02 1.150000000000000000e+02 9.800000000000000000e+01 8.300000000000000000e+01 3.100000000000000000e+01
7.493110000000000000e+05 9.366600000000000000e+04 9.790000000000000000e+03 1.221000000000000000e+03 3.830000000000000000e+02 3.040000000000000000e+02 2.110000000000000000e+02 4.600000000000000000e+01 2.200000000000000000e+01 4.300000000000000000e+01
7.287150000000000000e+05 7.944200000000000000e+04 8.402000000000000000e+03 7.480000000000000000e+02 7.200000000000000000e+02 5.530000000000000000e+02 2.260000000000000000e+02 2.600000000000000000e+01 7.600000000000000000e+01 1.280000000000000000e+02
6.946110000000000000e+05 6.520100000000000000e+04 6.615000000000000000e+03 5.720000000000000000e+02 9.660000000000000000e+02 6.650000000000000000e+02 1.830000000000000000e+02 9.100000000000000000e+01 1.830000000000000000e+02 1.660000000000000000e+02
6.660300000000000000e+05 5.106900000000000000e+04 4.956000000000000000e+03 6.960000000000000000e+02 1.002000000000000000e+03 5.810000000000000000e+02 1.440000000000000000e+02 1.440000000000000000e+02 3.070000000000000000e+02 1.110000000000000000e+02
6.233570000000000000e+05 3.977600000000000000e+04 3.393000000000000000e+03 7.840000000000000000e+02 9.210000000000000000e+02 3.630000000000000000e+02 1.150000000000000000e+02 2.240000000000000000e+02 2.280000000000000000e+02 3.900000000000000000e+01
5.730160000000000000e+05 3.016100000000000000e+04 2.121000000000000000e+03 9.260000000000000000e+02 6.540000000000000000e+02 1.230000000000000000e+02 1.780000000000000000e+02 1.970000000000000000e+02 9.300000000000000000e+01 3.000000000000000000e+00
5.268420000000000000e+05 2.097400000000000000e+04 1.119000000000000000e+03 9.250000000000000000e+02 3.050000000000000000e+02 2.400000000000000000e+01 2.260000000000000000e+02 9.700000000000000000e+01 5.000000000000000000e+00 1.700000000000000000e+01
5.126420000000000000e+05 1.393700000000000000e+04 4.800000000000000000e+02 8.180000000000000000e+02 7.500000000000000000e+01 1.050000000000000000e+02 2.290000000000000000e+02 2.500000000000000000e+01 1.900000000000000000e+01 4.000000000000000000e+01
4.749490000000000000e+05 8.584000000000000000e+03 1.230000000000000000e+02 6.790000000000000000e+02 4.000000000000000000e+00 3.050000000000000000e+02 2.300000000000000000e+02 4.000000000000000000e+00 6.600000000000000000e+01 2.700000000000000000e+01
4.321040000000000000e+05 4.511000000000000000e+03 1.450000000000000000e+02 5.070000000000000000e+02 1.110000000000000000e+02 4.630000000000000000e+02 1.140000000000000000e+02 3.400000000000000000e+01 7.600000000000000000e+01 1.100000000000000000e+01
3.827950000000000000e+05 2.227000000000000000e+03 3.630000000000000000e+02 3.600000000000000000e+02 3.180000000000000000e+02 5.020000000000000000e+02 4.500000000000000000e+01 6.100000000000000000e+01 2.400000000000000000e+01 1.500000000000000000e+01
3.538920000000000000e+05 1.015000000000000000e+03 7.120000000000000000e+02 2.700000000000000000e+02 5.700000000000000000e+02 4.230000000000000000e+02 9.000000000000000000e+00 5.200000000000000000e+01 5.000000000000000000e+00 4.600000000000000000e+01
3.175780000000000000e+05 8.560000000000000000e+02 1.072000000000000000e+03 2.930000000000000000e+02 6.920000000000000000e+02 2.560000000000000000e+02 2.600000000000000000e+01 2.800000000000000000e+01 2.900000000000000000e+01 5.300000000000000000e+01
2.793060000000000000e+05 1.637000000000000000e+03 1.432000000000000000e+03 4.140000000000000000e+02 6.580000000000000000e+02 7.300000000000000000e+01 6.900000000000000000e+01 1.400000000000000000e+01 9.000000000000000000e+01 2.300000000000000000e+01
2.410880000000000000e+05 2.906000000000000000e+03 1.528000000000000000e+03 5.960000000000000000e+02 4.770000000000000000e+02 7.000000000000000000e+00 8.300000000000000000e+01 3.800000000000000000e+01 1.010000000000000000e+02 2.000000000000000000e+00
2.139780000000000000e+05 4.616000000000000000e+03 1.498000000000000000e+03 6.950000000000000000e+02 2.820000000000000000e+02 5.400000000000000000e+01 5.600000000000000000e+01 8.800000000000000000e+01 2.700000000000000000e+01 1.300000000000000000e+01
1.788790000000000000e+05 6.229000000000000000e+03 1.382000000000000000e+03 8.190000000000000000e+02 9.200000000000000000e+01 1.640000000000000000e+02 3.300000000000000000e+01 8.200000000000000000e+01 4.000000000000000000e+00 2.600000000000000000e+01
1.480360000000000000e+05 7.464000000000000000e+03 1.062000000000000000e+03 7.940000000000000000e+02 4.000000000000000000e+00 1.980000000000000000e+02 3.500000000000000000e+01 4.800000000000000000e+01 2.300000000000000000e+01 8.000000000000000000e+00
1.255180000000000000e+05 9.018000000000000000e+03 6.980000000000000000e+02 6.660000000000000000e+02 5.700000000000000000e+01 1.420000000000000000e+02 6.900000000000000000e+01 5.000000000000000000e+00 4.300000000000000000e+01 5.000000000000000000e+00
9.815300000000000000e+04 9.785000000000000000e+03 3.830000000000000000e+02 4.830000000000000000e+02 1.830000000000000000e+02 5.800000000000000000e+01 8.500000000000000000e+01 1.300000000000000000e+01 1.900000000000000000e+01 2.000000000000000000e+01
7.616900000000000000e+04 9.997000000000000000e+03 1.610000000000000000e+02 3.130000000000000000e+02 2.890000000000000000e+02 9.000000000000000000e+00 6.400000000000000000e+01 4.600000000000000000e+01 2.000000000000000000e+00 2.300000000000000000e+01
5.779200000000000000e+04 9.480000000000000000e+03 9.500000000000000000e+01 1.320000000000000000e+02 2.690000000000000000e+02 5.400000000000000000e+01 2.500000000000000000e+01 3.500000000000000000e+01 1.800000000000000000e+01 1.000000000000000000e+01
4.050600000000000000e+04 8.318000000000000000e+03 1.960000000000000000e+02 6.700000000000000000e+01 1.740000000000000000e+02 1.290000000000000000e+02 7.000000000000000000e+00 1.300000000000000000e+01 3.300000000000000000e+01 4.000000000000000000e+00
2.756300000000000000e+04 6.896000000000000000e+03 4.320000000000000000e+02 8.900000000000000000e+01 6.100000000000000000e+01 1.620000000000000000e+02 2.300000000000000000e+01 6.000000000000000000e+00 1.700000000000000000e+01 1.900000000000000000e+01
1.684300000000000000e+04 5.395000000000000000e+03 7.010000000000000000e+02 1.490000000000000000e+02 3.000000000000000000e+00 1.240000000000000000e+02 4.700000000000000000e+01 3.200000000000000000e+01 3.000000000000000000e+00 9.000000000000000000e+00
9.323000000000000000e+03 3.697000000000000000e+03 9.360000000000000000e+02 2.110000000000000000e+02 6.100000000000000000e+01 3.200000000000000000e+01 3.400000000000000000e+01 4.100000000000000000e+01 1.600000000000000000e+01 3.000000000000000000e+00
4.115000000000000000e+03 2.255000000000000000e+03 9.720000000000000000e+02 2.290000000000000000e+02 1.720000000000000000e+02 3.000000000000000000e+00 1.000000000000000000e+01 2.400000000000000000e+01 1.900000000000000000e+01 1.800000000000000000e+01
1.462000000000000000e+03 9.470000000000000000e+02 9.110000000000000000e+02 1.960000000000000000e+02 2.470000000000000000e+02 5.900000000000000000e+01 1.800000000000000000e+01 3.000000000000000000e+00 6.000000000000000000e+00 1.000000000000000000e+01
1.121000000000000000e+03 2.870000000000000000e+02 6.030000000000000000e+02 1.100000000000000000e+02 1.800000000000000000e+02 1.030000000000000000e+02 4.200000000000000000e+01 2.500000000000000000e+01 5.000000000000000000e+00 2.000000000000000000e+00
2.500000000000000000e+03 4.200000000000000000e+01 3.140000000000000000e+02 5.600000000000000000e+01 8.000000000000000000e+01 5.800000000000000000e+01 3.600000000000000000e+01 2.200000000000000000e+01 2.600000000000000000e+01 9.000000000000000000e+00
5.356000000000000000e+03 2.850000000000000000e+02 8.600000000000000000e+01 7.200000000000000000e+01 2.000000000000000000e+00 1.100000000000000000e+01 1.000000000000000000e+01 4.000000000000000000e+00 5.000000000000000000e+00 6.000000000000000000e+00
9.586000000000000000e+03 9.390000000000000000e+02 4.000000000000000000e+00 1.220000000000000000e+02 3.900000000000000000e+01 1.800000000000000000e+01 9.000000000000000000e+00 1.100000000000000000e+01 4.000000000000000000e+00 3.000000000000000000e+00
1.364000000000000000e+04 1.699000000000000000e+03 9.000000000000000000e+01 2.100000000000000000e+02 1.080000000000000000e+02 6.100000000000000000e+01 3.000000000000000000e+01 2.400000000000000000e+01 2.100000000000000000e+01 6.000000000000000000e+00
1.787800000000000000e+04 2.461000000000000000e+03 2.600000000000000000e+02 2.120000000000000000e+02 1.250000000000000000e+02 6.800000000000000000e+01 1.700000000000000000e+01 6.000000000000000000e+00 4.000000000000000000e+00 2.000000000000000000e+00
2.249300000000000000e+04 3.056000000000000000e+03 3.910000000000000000e+02 1.280000000000000000e+02 4.500000000000000000e+01 1.500000000000000000e+01 1.000000000000000000e+00 5.000000000000000000e+00 9.000000000000000000e+00 7.000000000000000000e+00
2.560800000000000000e+04 3.081000000000000000e+03 4.120000000000000000e+02 4.400000000000000000e+01 3.000000000000000000e+00 8.000000000000000000e+00 2.400000000000000000e+01 1.600000000000000000e+01 1.100000000000000000e+01 3.000000000000000000e+00
2.760600000000000000e+04 2.613000000000000000e+03 3.010000000000000000e+02 1.600000000000000000e+01 5.900000000000000000e+01 5.400000000000000000e+01 2.500000000000000000e+01 4.000000000000000000e+00 1.000000000000000000e+00 6.000000000000000000e+00
2.846600000000000000e+04 1.944000000000000000e+03 1.430000000000000000e+02 5.500000000000000000e+01 1.080000000000000000e+02 3.500000000000000000e+01 3.000000000000000000e+00 8.000000000000000000e+00 1.100000000000000000e+01 3.000000000000000000e+00
2.732000000000000000e+04 1.089000000000000000e+03 3.800000000000000000e+01 1.000000000000000000e+02 6.600000000000000000e+01 1.000000000000000000e+00 1.200000000000000000e+01 1.200000000000000000e+01 1.000000000000000000e+00 3.000000000000000000e+00
2.543900000000000000e+04 4.140000000000000000e+02 8.700000000000000000e+01 7.400000000000000000e+01 2.000000000000000000e+00 2.600000000000000000e+01 1.200000000000000000e+01 1.000000000000000000e+00 8.000000000000000000e+00 2.000000000000000000e+00
2.121600000000000000e+04 5.600000000000000000e+01 2.150000000000000000e+02 2.800000000000000000e+01 3.700000000000000000e+01 2.700000000000000000e+01 4.000000000000000000e+00 1.100000000000000000e+01 1.000000000000000000e+00 0.000000000000000000e+00
1.683200000000000000e+04 1.700000000000000000e+02 3.010000000000000000e+02 1.900000000000000000e+01 6.000000000000000000e+01 1.000000000000000000e+00 2.000000000000000000e+01 1.000000000000000000e+00 1.100000000000000000e+01 0.000000000000000000e+00
1.195500000000000000e+04 5.720000000000000000e+02 2.220000000000000000e+02 7.700000000000000000e+01 1.300000000000000000e+01 2.300000000000000000e+01 2.000000000000000000e+00 1.100000000000000000e+01 1.000000000000000000e+00 0.000000000000000000e+00
7.130000000000000000e+03 9.910000000000000000e+02 5.100000000000000000e+01 7.300000000000000000e+01 2.100000000000000000e+01 1.500000000000000000e+01 1.500000000000000000e+01 1.000000000000000000e+00 6.000000000000000000e+00 0.000000000000000000e+00
3.528000000000000000e+03 1.127000000000000000e+03 1.600000000000000000e+01 1.800000000000000000e+01 5.600000000000000000e+01 7.000000000000000000e+00 3.000000000000000000e+00 9.000000000000000000e+00 0.000000000000000000e+00 0.000000000000000000e+00
1.017000000000000000e+03 8.390000000000000000e+02 1.110000000000000000e+02 1.500000000000000000e+01 8.000000000000000000e+00 2.100000000000000000e+01 1.000000000000000000e+01 1.000000000000000000e+00 0.000000000000000000e+00 0.000000000000000000e+00
1.940000000000000000e+02 3.580000000000000000e+02 1.540000000000000000e+02 5.500000000000000000e+01 1.700000000000000000e+01 1.000000000000000000e+00 0.000000000000000000e+00 2.000000000000000000e+00 0.000000000000000000e+00 0.000000000000000000e+00
