4.893715513120437677e-02 9.787431026260770550e-02 1.468114653942099723e-01 1.957486205260112466e-01 2.446857756580114729e-01 2.936229307902105679e-01 3.425600859226087258e-01 3.914972410552058357e-01 4.404343961880018421e-01 4.893715513209969115e-01
4.893715541088382998e-02 9.787431082195333087e-02 1.468114662332085651e-01 1.957486216446495397e-01 2.446857770562761158e-01 2.936229324680884600e-01 3.425600878800865723e-01 3.914972432922702028e-01 4.404343987046396847e-01 4.893715541171949623e-01
4.893715567217091222e-02 9.787431134451550496e-02 1.468114670170337088e-01 1.957486226897256210e-01 2.446857783625910887e-01 2.936229340356303341e-01 3.425600897088431629e-01 3.914972453822295750e-01 4.404344010557897926e-01 4.893715567295234825e-01
4.893715591670842746e-02 9.787431183357951647e-02 1.468114677506132670e-01 1.957486236678096791e-01 2.446857795851687944e-01 2.936229355026904186e-01 3.425600914203747460e-01 3.914972473382218321e-01 4.404344032562315658e-01 4.893715591744039473e-01
4.893715614594702085e-02 9.787431229204662797e-02 1.468114684382988699e-01 1.957486245847036566e-01 2.446857807312610711e-01 2.936229368779711413e-01 3.425600930248337561e-01 3.914972491718489711e-01 4.404344053190167863e-01 4.893715614663372016e-01
4.893715636117246942e-02 9.787431272248831027e-02 1.468114690839475711e-01 1.957486254455501340e-01 2.446857818072961377e-01 2.936229381691854989e-01 3.425600945312182177e-01 3.914972508933943773e-01 4.404344072557138667e-01 4.893715636181767414e-01
4.893715656352837923e-02 9.787431312719165055e-02 1.468114696909898487e-01 1.957486262549228695e-01 2.446857828189908379e-01 2.936229393831936707e-01 3.425600959475315066e-01 3.914972525120041236e-01 4.404344090766117437e-01 4.893715656413541448e-01
4.893715675403514237e-02 9.787431350819734976e-02 1.468114702624866430e-01 1.957486270169030151e-01 2.446857837714464523e-01 2.936229405261169267e-01 3.425600972809146327e-01 3.914972540358392927e-01 4.404344107908910178e-01 4.893715675460698633e-01
4.893715693360610464e-02 9.787431386733208560e-02 1.468114708011778735e-01 1.957486277351435655e-01 2.446857846692291061e-01 2.936229416034344397e-01 3.425600985377596497e-01 3.914972554722047637e-01 4.404344124067697264e-01 4.893715693414544821e-01
4.893715710306109634e-02 9.787431420623535216e-02 1.468114713095227952e-01 1.957486284129233423e-01 2.446857855164371043e-01 2.936229426200639980e-01 3.425600997238041345e-01 3.914972568276573472e-01 4.404344139316237472e-01 4.893715710357032789e-01
4.893715726313800640e-02 9.787431452638295504e-02 1.468114717897348598e-01 1.957486290531937068e-01 2.446857863167595515e-01 2.936229435804323384e-01 3.425601008442120676e-01 3.914972581080987113e-01 4.404344153720923805e-01 4.893715726361929641e-01
4.893715741450273965e-02 9.787431482910666225e-02 1.468114722438117470e-01 1.957486296586180563e-01 2.446857870735255347e-01 2.936229444885341544e-01 3.425601019036439987e-01 3.914972593188549288e-01 4.404344167341671668e-01 4.893715741495804905e-01
4.893715755775764065e-02 9.787431511561109354e-02 1.468114726735603448e-01 1.957486302316053528e-01 2.446857877897462286e-01 2.936229453479828333e-01 3.425601029063152780e-01 3.914972604647435350e-01 4.404344180232676043e-01 4.893715755818874857e-01
4.893715769344888361e-02 9.787431538698855571e-02 1.468114730806189816e-01 1.957486307743402099e-01 2.446857884681521711e-01 2.936229461620549763e-01 3.425601038560485145e-01 3.914972615501328690e-01 4.404344192443079842e-01 4.893715769385738046e-01
4.893715782207272436e-02 9.787431564423151875e-02 1.468114734664764109e-01 1.957486312888073732e-01 2.446857891112244332e-01 2.936229469337275355e-01 3.425601047563167079e-01 3.914972625789920335e-01 4.404344204017534570e-01 4.893715782246008672e-01
4.893715794408105141e-02 9.787431588824377360e-02 1.468114738324881596e-01 1.957486317768142858e-01 2.446857897212220412e-01 2.936229476657115089e-01 3.425601056102826059e-01 3.914972635549353597e-01 4.404344214996698814e-01 4.893715794444860601e-01
4.893715805988608364e-02 9.787431611984970248e-02 1.468114741798909051e-01 1.957486322400096013e-01 2.446857903002059020e-01 2.936229483604797519e-01 3.425601064208311231e-01 3.914972644812600433e-01 4.404344225417665126e-01 4.893715806023505310e-01
4.893715816986461686e-02 9.787431633980288315e-02 1.468114745098148544e-01 1.957486326799004472e-01 2.446857908500597034e-01 2.936229490202926784e-01 3.425601071905992612e-01 3.914972653609795072e-01 4.404344235314334166e-01 4.893715817019611003e-01
4.893715827436162513e-02 9.787431654879326370e-02 1.468114748232949296e-01 1.957486330978666089e-01 2.446857913725082878e-01 2.936229496472199108e-01 3.425601079220015888e-01 3.914972661968533219e-01 4.404344244717751100e-01 4.893715827467668422e-01
4.893715837369350813e-02 9.787431674745357413e-02 1.468114751212802049e-01 1.957486334951734075e-01 2.446857918691331402e-01 2.936229502431594307e-01 3.425601086172523901e-01 3.914972669914117964e-01 4.404344253656378161e-01 4.893715837399304491e-01
4.893715846815081816e-02 9.787431693636494678e-02 1.468114754046423720e-01 1.957486338729831077e-01 2.446857923413871538e-01 2.936229508098545660e-01 3.425601092783852053e-01 3.914972677469791273e-01 4.404344262156364431e-01 4.893715846843570416e-01
4.893715855800089692e-02 9.787431711606202345e-02 1.468114756741833726e-01 1.957486342323649653e-01 2.446857927906067598e-01 2.936229513489088672e-01 3.425601099072710931e-01 3.914972684656935487e-01 4.404344270241762893e-01 4.893715855827192596e-01
4.893715864348993638e-02 9.787431728703717415e-02 1.468114759306417272e-01 1.957486345743036094e-01 2.446857932180228068e-01 2.936229518617992640e-01 3.425601105056330642e-01 3.914972691495242074e-01 4.404344277934725826e-01 4.893715864374783564e-01
4.893715872484500490e-02 9.787431744974454950e-02 1.468114761746986408e-01 1.957486348997072578e-01 2.446857936247704424e-01 2.936229523498881111e-01 3.425601110750604028e-01 3.914972698002872620e-01 4.404344285255685776e-01 4.893715872509045162e-01
4.893715880227578890e-02 9.787431760460349461e-02 1.468114764069831102e-01 1.957486352094146564e-01 2.446857940118980779e-01 2.936229528144335132e-01 3.425601116170207128e-01 3.914972704196599262e-01 4.404344292223510426e-01 4.893715880250940065e-01
4.893715887597613334e-02 9.787431775200168549e-02 1.468114766280766426e-01 1.957486355042010462e-01 2.446857943803748270e-01 2.936229532565979850e-01 3.425601121328706311e-01 3.914972710091926822e-01 4.404344298855641382e-01 4.893715887619849991e-01
4.893715894612539474e-02 9.787431789229780743e-02 1.468114768385172519e-01 1.957486357847837422e-01 2.446857947310972503e-01 2.936229536774578319e-01 3.425601126238653760e-01 3.914972715703199935e-01 4.404344305168216289e-01 4.893715894633702823e-01
4.893715901288968328e-02 9.787431802582413631e-02 1.468114770388033175e-01 1.957486360518272961e-01 2.446857950648960445e-01 2.936229540780094793e-01 3.425601130911677394e-01 3.914972721043707415e-01 4.404344311176185411e-01 4.893715901309110827e-01
4.893715907642302854e-02 9.787431815288863413e-02 1.468114772293968306e-01 1.957486363059476320e-01 2.446857953825410104e-01 2.936229544591769658e-01 3.425601135358555260e-01 3.914972726125766633e-01 4.404344316893404887e-01 4.893715907661467801e-01
4.893715913686829538e-02 9.787431827377710003e-02 1.468114774107264486e-01 1.957486365477162649e-01 2.446857956847466042e-01 2.936229548218174945e-01 3.425601139589288802e-01 3.914972730960807334e-01 4.404344322332731654e-01 4.893715913705061205e-01
4.893715919435812078e-02 9.787431838875476631e-02 1.468114775831899366e-01 1.957486367776636316e-01 2.446857959721759068e-01 2.936229551667266513e-01 3.425601143613158928e-01 3.914972735559437145e-01 4.404344327506100609e-01 4.893715919453149321e-01
4.893715924901571174e-02 9.787431849806803308e-02 1.468114777471569710e-01 1.957486369962825601e-01 2.446857962454447588e-01 2.936229554946435116e-01 3.425601147438789851e-01 3.914972739931509849e-01 4.404344332424596220e-01 4.893715924918049520e-01
4.893715930095555305e-02 9.787431860194589772e-02 1.468114779029710271e-01 1.957486372040309341e-01 2.446857965051256745e-01 2.936229558062551370e-01 3.425601151074194606e-01 3.914972744086185341e-01 4.404344337098523576e-01 4.893715930111209866e-01
4.893715935028408737e-02 9.787431870060120387e-02 1.468114780509513495e-01 1.957486374013345243e-01 2.446857967517507004e-01 2.936229561021999612e-01 3.425601154526822234e-01 3.914972748031974592e-01 4.404344341537458352e-01 4.893715935043271847e-01
4.893715939710029800e-02 9.787431879423193204e-02 1.468114781913949229e-01 1.957486375885892083e-01 2.446857969858148851e-01 2.936229563830718425e-01 3.425601157803601637e-01 3.914972751776797932e-01 4.404344345750307865e-01 4.893715939724130881e-01
4.893715944149624325e-02 9.787431888302219885e-02 1.468114783245778598e-01 1.957486377661631916e-01 2.446857972077782495e-01 2.936229566494230059e-01 3.425601160910974885e-01 3.914972755328016141e-01 4.404344349745354936e-01 4.893715944162990161e-01
4.893715948355754908e-02 9.787431896714322843e-02 1.468114784507570103e-01 1.957486379343989225e-01 2.446857974180689788e-01 2.936229569017671515e-01 3.425601163854934406e-01 3.914972758692478738e-01 4.404344353530303957e-01 4.893715948368410618e-01
4.893715952336380459e-02 9.787431904675421290e-02 1.468114785701712111e-01 1.957486380936148129e-01 2.446857976170850046e-01 2.936229571405818417e-01 3.425601166641052409e-01 3.914972761876552299e-01 4.404344357112318642e-01 4.893715952348350884e-01
4.893715956098904085e-02 9.787431912200321438e-02 1.468114786830425067e-01 1.957486382441069317e-01 2.446857978051964755e-01 2.936229573663111658e-01 3.425601169274509750e-01 3.914972764886159307e-01 4.404344360498059219e-01 4.893715956110211152e-01
4.893715959650205699e-02 9.787431919302780337e-02 1.468114787895772599e-01 1.957486383861503920e-01 2.446857979827472274e-01 2.936229575793677937e-01 3.425601171760120356e-01 3.914972767726799807e-01 4.404344363693715736e-01 4.893715959660868697e-01
4.893715962996670471e-02 9.787431925995571103e-02 1.468114788899670398e-01 1.957486385200006840e-01 2.446857981500566437e-01 2.936229577801348634e-01 3.425601174102354540e-01 3.914972770403583047e-01 4.404344366705034708e-01 4.893715963006710079e-01
4.893715966144226298e-02 9.787431932290549530e-02 1.468114789843896761e-01 1.957486386458948124e-01 2.446857983074209597e-01 2.936229579689680347e-01 3.425601176305360651e-01 3.914972772921250788e-01 4.404344369537349646e-01 4.893715966153660002e-01
4.893715969098367397e-02 9.787431938198699888e-02 1.468114790730100094e-01 1.957486387640526293e-01 2.446857984551148446e-01 2.936229581461968219e-01 3.425601178372983946e-01 3.914972775284196183e-01 4.404344372195604929e-01 4.893715969107210184e-01
4.893715971864177200e-02 9.787431943730191819e-02 1.468114791559804178e-01 1.957486388746773331e-01 2.446857985933926227e-01 2.936229583121262032e-01 3.425601180308782134e-01 3.914972777496486533e-01 4.404344374684374119e-01 4.893715971872445447e-01
4.893715974446354727e-02 9.787431948894421974e-02 1.468114792334420105e-01 1.957486389779569402e-01 2.446857987224890230e-01 2.936229584670381754e-01 3.425601182116044807e-01 3.914972779561878835e-01 4.404344377007884392e-01 4.893715974454062034e-01
4.893715976849232624e-02 9.787431953700055642e-02 1.468114793055247114e-01 1.957486390740647841e-01 2.446857988426207053e-01 2.936229586111926415e-01 3.425601183797803984e-01 3.914972781483840314e-01 4.404344379170035961e-01 4.893715976856391481e-01
4.893715979076796591e-02 9.787431958155064227e-02 1.468114793723480360e-01 1.957486391631601541e-01 2.446857989539869549e-01 2.936229587448285216e-01 3.425601185356847989e-01 3.914972783265557865e-01 4.404344381174414291e-01 4.893715979083417822e-01
4.893715981132699955e-02 9.787431962266754382e-02 1.468114794340216467e-01 1.957486392453892943e-01 2.446857990567705143e-01 2.936229588681651959e-01 3.425601186795734776e-01 3.914972784909953596e-01 4.404344383024307863e-01 4.893715981138797022e-01
4.893715983020284488e-02 9.787431966041809650e-02 1.468114794906457132e-01 1.957486393208857922e-01 2.446857991511382502e-01 2.936229589814030594e-01 3.425601188116803586e-01 3.914972786419700368e-01 4.404344384722720385e-01 4.893715983025865301e-01
4.893715984742584568e-02 9.787431969486297401e-02 1.468114795423113850e-01 1.957486393897710508e-01 2.446857992372419854e-01 2.936229590847242443e-01 3.425601189322177165e-01 3.914972787797225129e-01 4.404344386272385781e-01 4.893715984747658565e-01
4.893715986302348692e-02 9.787431972605714625e-02 1.468114795891009572e-01 1.957486394521549544e-01 2.446857993152191380e-01 2.936229591782933968e-01 3.425601190413778974e-01 3.914972789044726120e-01 4.404344387675774297e-01 4.893715986306924615e-01
4.893715987702046410e-02 9.787431975405000428e-02 1.468114796310886205e-01 1.957486395081363129e-01 2.446857993851930813e-01 2.936229592622588980e-01 3.425601191393338185e-01 3.914972790164178429e-01 4.404344388935108601e-01 4.893715987706130366e-01
4.893715988943876660e-02 9.787431977888554069e-02 1.468114796683402945e-01 1.957486395578030558e-01 2.446857994472738385e-01 2.936229593367525870e-01 3.425601192262393568e-01 3.914972791157341203e-01 4.404344390052368219e-01 4.893715988947476281e-01
4.893715990029779556e-02 9.787431980060253001e-02 1.468114797009141825e-01 1.957486396012327878e-01 2.446857995015583320e-01 2.936229594018907596e-01 3.425601193022301261e-01 3.914972792025764314e-01 4.404344391029297312e-01 4.893715990032899699e-01
4.893715990961440554e-02 9.787431981923469526e-02 1.468114797288608553e-01 1.957486396384928717e-01 2.446857995481308279e-01 2.936229594577746127e-01 3.425601193674243095e-01 3.914972792770798349e-01 4.404344391867411890e-01 4.893715990964085383e-01
4.893715991740298782e-02 9.787431983481080511e-02 1.468114797522234449e-01 1.957486396696409281e-01 2.446857995870632407e-01 2.936229595044903551e-01 3.425601194219223822e-01 3.914972793393591277e-01 4.404344392568008137e-01 4.893715991742472737e-01
4.893715992367553974e-02 9.787431984735486812e-02 1.468114797710380059e-01 1.957486396947249185e-01 2.446857996184156336e-01 2.936229595421100957e-01 3.425601194658084436e-01 3.914972793895105108e-01 4.404344393132164082e-01 4.893715992369261358e-01
4.893715992844167861e-02 9.787431985688611891e-02 1.468114797853333209e-01 1.957486397137832568e-01 2.446857996422359682e-01 2.936229595706915108e-01 3.425601194991496623e-01 3.914972794276107004e-01 4.404344393560744586e-01 4.893715992845409923e-01
4.893715993170868334e-02 9.787431986341908752e-02 1.468114797951312334e-01 1.957486397268450862e-01 2.446857996585607153e-01 2.936229595902780654e-01 3.425601195219971085e-01 3.914972794537179279e-01 4.404344393854404682e-01 4.893715993171646739e-01
4.893715993348153603e-02 9.787431986696377983e-02 1.468114798004467314e-01 1.957486397339303907e-01 2.446857996674147440e-01 2.936229596008998466e-01 3.425601195343855876e-01 3.914972794678720502e-01 4.404344394013592345e-01 4.893715993348471405e-01
4.893715993376295675e-02 9.787431986752560820e-02 1.468114798012879196e-01 1.957486397350499396e-01 2.446857996688115988e-01 2.936229596025729527e-01 3.425601195363340290e-01 3.914972794700947722e-01 4.404344394038551269e-01 4.893715993376152595e-01
4.893715993255337571e-02 9.787431986510540527e-02 1.468114797976561026e-01 1.957486397302054537e-01 2.446857996627534448e-01 2.936229595953001037e-01 3.425601195278454303e-01 3.914972794603893691e-01 4.404344393929320312e-01 4.893715993254733054e-01
4.893715992985093327e-02 9.787431985969949344e-02 1.468114797895456736e-01 1.957486397193894945e-01 2.446857996492309562e-01 2.936229595790700309e-01 3.425601195089067463e-01 3.914972794387410748e-01 4.404344393685730163e-01 4.893715992984026264e-01
4.893715992565152162e-02 9.787431985129962930e-02 1.468114797769443369e-01 1.957486397025856584e-01 2.446857996282235659e-01 2.936229595538580872e-01 3.425601194794891668e-01 3.914972794051169158e-01 4.404344393307411676e-01 4.893715992563620887e-01
4.893715991994870146e-02 9.787431983989296203e-02 1.468114797598327748e-01 1.957486396797681605e-01 2.446857995996991331e-01 2.936229595196256370e-01 3.425601194395476723e-01 3.914972793594653222e-01 4.404344392793785867e-01 4.893715991992872438e-01
4.893715991273376448e-02 9.787431982546203335e-02 1.468114797381848413e-01 1.957486396509021676e-01 2.446857995636139982e-01 2.936229594763203887e-01 3.425601193890212004e-01 3.914972793017166275e-01 4.404344392144065590e-01 4.893715991270909393e-01
4.893715990399560845e-02 9.787431980798468045e-02 1.468114797119672299e-01 1.957486396159432429e-01 2.446857995199127334e-01 2.936229594238756735e-01 3.425601193278320911e-01 3.914972792317819583e-01 4.404344391357253308e-01 4.893715990396621529e-01
4.893715989372075803e-02 9.787431978743392491e-02 1.468114796811394729e-01 1.957486395748374852e-01 2.446857994685278648e-01 2.936229593622106671e-01 3.425601192558858643e-01 3.914972791495534565e-01 4.404344390432134437e-01 4.893715989368658814e-01
4.893715988189328153e-02 9.787431976377790332e-02 1.468114796456538307e-01 1.957486395275211399e-01 2.446857994093797894e-01 2.936229592912296682e-01 3.425601191730709982e-01 3.914972790549036130e-01 4.404344389367275681e-01 4.893715988185429189e-01
4.893715986849476313e-02 9.787431973697977017e-02 1.468114796054550142e-01 1.957486394739205160e-01 2.446857993423762756e-01 2.936229592108222652e-01 3.425601190792585404e-01 3.914972789476850457e-01 4.404344388161017254e-01 4.893715986845087462e-01
4.893715985350419184e-02 9.787431970699753125e-02 1.468114795604800182e-01 1.957486394139516250e-01 2.446857992674124072e-01 2.936229591208623368e-01 3.425601189743013864e-01 3.914972788277296112e-01 4.404344386811469558e-01 4.893715985345534203e-01
4.893715983689789911e-02 9.787431967378382169e-02 1.468114795106577608e-01 1.957486393475197650e-01 2.446857991843697511e-01 2.936229590212077745e-01 3.425601188580338352e-01 3.914972786948479055e-01 4.404344385316499855e-01 4.893715983684401860e-01
4.893715981864948245e-02 9.787431963728585038e-02 1.468114794559091107e-01 1.957486392745192705e-01 2.446857990931163018e-01 2.936229589117002603e-01 3.425601187302710349e-01 3.914972785488287643e-01 4.404344383673733376e-01 4.893715981859047548e-01
4.893715979872968053e-02 9.787431959744509469e-02 1.468114793961462494e-01 1.957486391948330962e-01 2.446857989935057320e-01 2.936229587921640460e-01 3.425601185908080937e-01 3.914972783894378194e-01 4.404344381880533343e-01 4.893715979866546384e-01
4.893715977710624832e-02 9.787431955419703677e-02 1.468114793312723654e-01 1.957486391083322619e-01 2.446857988853766708e-01 2.936229586624056198e-01 3.425601184394191923e-01 3.914972782164172771e-01 4.404344379933998743e-01 4.893715977703669839e-01
4.893715975374385296e-02 9.787431950747105258e-02 1.468114792611815711e-01 1.957486390148754363e-01 2.446857987685526759e-01 2.936229585222132066e-01 3.425601182758570840e-01 3.914972780294843080e-01 4.404344377830948232e-01 4.893715975366887960e-01
4.893715972860390728e-02 9.787431945718991222e-02 1.468114791857580426e-01 1.957486389143082428e-01 2.446857986428405407e-01 2.936229583713549363e-01 3.425601180998514850e-01 3.914972778283301036e-01 4.404344375567908476e-01 4.893715972852336615e-01
4.893715970164441015e-02 9.787431940326966895e-02 1.468114791048757417e-01 1.957486388064626492e-01 2.446857985080304332e-01 2.936229582095790103e-01 3.425601179111084083e-01 3.914972776126187104e-01 4.404344373141098612e-01 4.893715970155818051e-01
4.893715967281979384e-02 9.787431934561913183e-02 1.468114790183980001e-01 1.957486386911564125e-01 2.446857983638943412e-01 2.936229580366118697e-01 3.425601177093088867e-01 3.914972773819854202e-01 4.404344370546415255e-01 4.893715967272772027e-01
4.893715964208068814e-02 9.787431928413957427e-02 1.468114789261766584e-01 1.957486385681919683e-01 2.446857982101854345e-01 2.936229578521571404e-01 3.425601174941070859e-01 3.914972771360352155e-01 4.404344367779415292e-01 4.893715964198259716e-01
4.893715960937371906e-02 9.787431921872427609e-02 1.468114788280516780e-01 1.957486384373558763e-01 2.446857980466368987e-01 2.936229576558948007e-01 3.425601172651294712e-01 3.914972768743410492e-01 4.404344364835294234e-01 4.893715960926946495e-01
4.893715957464130073e-02 9.787431914925802390e-02 1.468114787238501695e-01 1.957486382984177098e-01 2.446857978729606864e-01 2.936229574474790716e-01 3.425601170219729208e-01 3.914972765964421786e-01 4.404344361708868449e-01 4.893715957453068643e-01
4.893715953782132311e-02 9.787431907561659761e-02 1.468114786133858374e-01 1.957486381511290563e-01 2.446857976888462127e-01 2.936229572265373622e-01 3.425601167642024492e-01 3.914972763018415014e-01 4.404344358394545189e-01 4.893715953770415017e-01
4.893715949884689526e-02 9.787431899766624310e-02 1.468114784964580366e-01 1.957486379952222966e-01 2.446857974939590508e-01 2.936229569926682159e-01 3.425601164913498198e-01 3.914972759900039456e-01 4.404344354886304824e-01 4.893715949872295412e-01
4.893715945764600533e-02 9.787431891526292282e-02 1.468114783728507455e-01 1.957486378304094388e-01 2.446857972879390997e-01 2.936229567454395339e-01 3.425601162029109914e-01 3.914972756603533055e-01 4.404344351177665873e-01 4.893715945751506702e-01
4.893715941414122222e-02 9.787431882825174678e-02 1.468114782423315390e-01 1.957486376563806474e-01 2.446857970703990304e-01 2.936229564843866879e-01 3.425601158983436201e-01 3.914972753122699101e-01 4.404344347261654469e-01 4.893715941400302860e-01
4.893715936824921675e-02 9.787431873646604275e-02 1.468114781046504780e-01 1.957486374728025502e-01 2.446857968409222317e-01 2.936229562090095779e-01 3.425601155770645612e-01 3.914972749450870149e-01 4.404344343130771611e-01 4.893715936810349443e-01
4.893715931988042861e-02 9.787431863972674562e-02 1.468114779595389441e-01 1.957486372793170171e-01 2.446857965990609785e-01 2.936229559187708560e-01 3.425601152384465942e-01 3.914972745580882485e-01 4.404344338776957080e-01 4.893715931972690281e-01
4.893715926893855289e-02 9.787431853784117619e-02 1.468114778067078907e-01 1.957486370755386895e-01 2.446857963443335449e-01 2.936229556130925400e-01 3.425601148818155917e-01 3.914972741505027276e-01 4.404344334191538923e-01 4.893715926877691968e-01
4.893715921532003355e-02 9.787431843060226400e-02 1.468114776458467052e-01 1.957486368610533434e-01 2.446857960762222062e-01 2.936229552913532381e-01 3.425601145064465225e-01 3.914972737215019483e-01 4.404344329365196264e-01 4.893715921514995015e-01
4.893715915891348051e-02 9.787431831778721503e-02 1.468114774766212105e-01 1.957486366354154184e-01 2.446857957941698802e-01 2.936229549528845961e-01 3.425601141115596215e-01 3.914972732701948455e-01 4.404344324287902679e-01 4.893715915873459998e-01
4.893715909959907295e-02 9.787431819915634601e-02 1.468114772986718330e-01 1.957486363981454924e-01 2.446857954975774074e-01 2.936229545969675225e-01 3.425601136963157822e-01 3.914972727956222975e-01 4.404344318948870685e-01 4.893715909941099840e-01
4.893715903724781685e-02 9.787431807445169663e-02 1.468114771116116879e-01 1.957486361487277005e-01 2.446857951857998037e-01 2.936229542228280254e-01 3.425601132598122267e-01 3.914972722967525742e-01 4.404344313336489569e-01 4.893715903705014303e-01
4.893715897172081636e-02 9.787431794339547519e-02 1.468114769150239696e-01 1.957486358866062925e-01 2.446857948581424580e-01 2.936229538296324937e-01 3.425601128010762886e-01 3.914972717724740092e-01 4.404344307438255446e-01 4.893715897151308947e-01
4.893715890286836484e-02 9.787431780568822681e-02 1.468114767084595929e-01 1.957486356111824977e-01 2.446857945138568302e-01 2.936229534164827015e-01 3.425601123190600839e-01 3.914972712215888939e-01 4.404344301240692983e-01 4.893715890265011859e-01
4.893715883052903587e-02 9.787431766100712638e-02 1.468114764914342507e-01 1.957486353218104158e-01 2.446857941521356772e-01 2.936229529824099238e-01 3.425601118126332389e-01 3.914972706428055949e-01 4.404344294729270470e-01 4.893715883029974845e-01
4.893715875452861463e-02 9.787431750900370264e-02 1.468114762634252501e-01 1.957486350177932433e-01 2.446857937721077236e-01 2.936229525263686635e-01 3.425601112805760629e-01 3.914972700347299495e-01 4.404344287888302678e-01 4.893715875428771289e-01
4.893715867467887670e-02 9.787431734930150673e-02 1.468114760238679040e-01 1.957486346983780268e-01 2.446857933728318890e-01 2.936229520472295462e-01 3.425601107215709429e-01 3.914972693958561067e-01 4.404344280700849823e-01 4.893715867442576251e-01
4.893715859077628350e-02 9.787431718149346149e-02 1.468114757721515340e-01 1.957486343627505010e-01 2.446857929532903209e-01 2.936229515437711046e-01 3.425601101341927412e-01 3.914972687245552585e-01 4.404344273148587674e-01 4.893715859051030459e-01
4.893715850260053901e-02 9.787431700513896105e-02 1.468114755076152522e-01 1.957486340100293987e-01 2.446857925123814836e-01 2.936229510146713961e-01 3.425601095168991361e-01 3.914972680190648702e-01 4.404344265211684317e-01 4.893715850232098763e-01
4.893715840991286897e-02 9.787431681976042908e-02 1.468114752295426872e-01 1.957486336392595949e-01 2.446857920489111937e-01 2.936229504584975114e-01 3.425601088680185757e-01 3.914972672774742479e-01 4.404344256868646390e-01 4.893715840961896379e-01
4.893715831245416814e-02 9.787431662483966899e-02 1.468114749371564609e-01 1.957486332494045855e-01 2.446857915615840151e-01 2.936229498736948051e-01 3.425601081857368446e-01 3.914972664977102168e-01 4.404344248096148662e-01 4.893715831214509593e-01
4.893715820994293253e-02 9.787431641981360342e-02 1.468114746296120265e-01 1.957486328393381880e-01 2.446857910489920462e-01 2.936229492585737400e-01 3.425601074680830749e-01 3.914972656775202453e-01 4.404344238868850847e-01 4.893715820961777041e-01
4.893715810207281691e-02 9.787431620406958355e-02 1.468114743059903138e-01 1.957486324078349660e-01 2.446857905096035957e-01 2.936229486112961196e-01 3.425601067129126487e-01 3.914972648144531275e-01 4.404344229159175006e-01 4.893715810173059344e-01
4.893715798851001886e-02 9.787431597693994900e-02 1.468114739652897904e-01 1.957486319535595432e-01 2.446857899417492488e-01 2.936229479298588241e-01 3.425601059178882690e-01 3.914972639058377224e-01 4.404344218937070177e-01 4.893715798814962659e-01
4.893715786889012848e-02 9.787431573769588000e-02 1.468114736064172476e-01 1.957486314750542244e-01 2.446857893436068243e-01 2.936229472120750472e-01 3.425601050804589209e-01 3.914972629487583067e-01 4.404344208169733710e-01 4.893715786851041138e-01
4.893715774281478387e-02 9.787431548554059724e-02 1.468114732281774470e-01 1.957486309707253402e-01 2.446857887131843046e-01 2.936229464555542568e-01 3.425601041978352246e-01 3.914972619400272635e-01 4.404344196821303181e-01 4.893715774241444438e-01
4.893715760984757718e-02 9.787431521960129888e-02 1.468114728292611859e-01 1.957486304388271481e-01 2.446857880482992964e-01 2.936229456576776031e-01 3.425601032669619572e-01 3.914972608761525530e-01 4.404344184852492794e-01 4.893715760942520254e-01
4.893715746950961371e-02 9.787431493892012613e-02 1.468114724082315303e-01 1.957486298774438749e-01 2.446857873465570765e-01 2.936229448155711630e-01 3.425601022844861898e-01 3.914972597533020737e-01 4.404344172220188702e-01 4.893715746906365793e-01
4.893715732127427304e-02 9.787431464244382429e-02 1.468114719635086329e-01 1.957486292844687337e-01 2.446857866053241126e-01 2.936229439260747975e-01 3.425601012467206496e-01 3.914972585672618632e-01 4.404344158876984383e-01 4.893715732080302638e-01
4.893715716456120690e-02 9.787431432901165518e-02 1.468114714933513310e-01 1.957486286575802481e-01 2.446857858216984205e-01 2.936229429857058482e-01 3.425601001496023645e-01 3.914972573133883027e-01 4.404344144770634961e-01 4.893715716406277783e-01
4.893715699872944885e-02 9.787431399734163040e-02 1.468114709958365238e-01 1.957486279942142193e-01 2.446857849924746198e-01 2.936229419906177251e-01 3.425600989886435355e-01 3.914972559865522173e-01 4.404344129843435485e-01 4.893715699820175846e-01
4.893715682306936515e-02 9.787431364601445472e-02 1.468114704688352479e-01 1.957486272915317516e-01 2.446857841141039935e-01 2.936229409365520016e-01 3.425600977588757479e-01 3.914972545810750382e-01 4.404344114031501500e-01 4.893715682251010279e-01
4.893715663679330113e-02 9.787431327345473553e-02 1.468114699099843101e-01 1.957486265463820041e-01 2.446857831826478591e-01 2.936229398187818473e-01 3.425600964547839133e-01 3.914972530906540849e-01 4.404344097263925839e-01 4.893715663619990219e-01
4.893715643902472184e-02 9.787431287790936130e-02 1.468114693166539253e-01 1.957486257552583375e-01 2.446857821937226951e-01 2.936229386320469703e-01 3.425600950702311631e-01 3.914972515082753013e-01 4.404344079461793293e-01 4.893715643839433582e-01
4.893715622878540283e-02 9.787431245742179986e-02 1.468114686859091356e-01 1.957486249142474932e-01 2.446857811424368312e-01 2.936229373704770662e-01 3.425600935983683648e-01 3.914972498261106715e-01 4.404344060537039307e-01 4.893715622811481425e-01
4.893715600498030338e-02 9.787431200980184487e-02 1.468114680144646800e-01 1.957486240189686977e-01 2.446857800233140368e-01 2.936229360275006139e-01 3.425600920315283737e-01 3.914972480353974826e-01 4.404344040391076631e-01 4.893715600426592482e-01
4.893715576637978903e-02 9.787431153259017191e-02 1.468114672986312319e-01 1.957486230645029135e-01 2.446857788302051195e-01 2.936229345957380721e-01 3.425600903611016324e-01 3.914972461262957171e-01 4.404344018913204928e-01 4.893715576561759595e-01
4.893715551159834309e-02 9.787431102301566432e-02 1.468114665342520053e-01 1.957486220453072967e-01 2.446857775561815662e-01 2.936229330668748694e-01 3.425600885773871229e-01 3.914972440877184101e-01 4.404343995978686199e-01 4.893715551078378079e-01
4.893715523906930209e-02 9.787431047794477312e-02 1.468114657166265102e-01 1.957486209551143608e-01 2.446857761934084774e-01 2.936229314315089156e-01 3.425600866694153424e-01 3.914972419071281462e-01 4.404343971446471051e-01 4.893715523819721080e-01
4.893715494701414426e-02 9.787430989382044089e-02 1.468114648404187927e-01 1.957486197868093802e-01 2.446857747329919675e-01 2.936229296789668042e-01 3.425600846247336961e-01 3.914972395702925878e-01 4.404343945156437568e-01 4.893715494607869809e-01
