-8.370938927669860363e-02 -1.674187785532808836e-01 -2.511281678297468400e-01 -3.348375571060965283e-01 -4.185469463823298653e-01 -5.022563356584468508e-01 -5.859657249344476515e-01 -6.696751142103319898e-01 -7.533845034861000878e-01 -8.370938927617519454e-01
-8.045304255150323436e-02 -1.609060851028935313e-01 -2.413591276541708075e-01 -3.218121702053352018e-01 -4.022652127563866031e-01 -4.827182553073250393e-01 -5.631712978581505658e-01 -6.436243404088631825e-01 -7.240773829594625566e-01 -8.045304255099492430e-01
-7.737837226403712632e-02 -1.547567445279644238e-01 -2.321351167917818925e-01 -3.095134890554895324e-01 -3.868918613190873712e-01 -4.642702335825754090e-01 -5.416486058459535347e-01 -6.190269781092220258e-01 -6.964053503723804939e-01 -7.737837226354291609e-01
-7.446886273804440015e-02 -1.489377254759819136e-01 -2.234065882138124848e-01 -2.978754509515362248e-01 -3.723443136891531058e-01 -4.468131764266630168e-01 -5.212820391640661244e-01 -5.957509019013622620e-01 -6.702197646385515961e-01 -7.446886273756340158e-01
-7.170991752831759602e-02 -1.434198350565310809e-01 -2.151297525846403713e-01 -2.868396701126455506e-01 -3.585495876405466187e-01 -4.302595051683435479e-01 -5.019694226960362826e-01 -5.736793402236248784e-01 -6.453892577511093354e-01 -7.170991752784897644e-01
-6.908858750645742453e-02 -1.381771750128132914e-01 -2.072657625190675867e-01 -2.763543500252203522e-01 -3.454429375312715322e-01 -4.145315250372211824e-01 -4.836201125430691361e-01 -5.527087000488156709e-01 -6.217972875544607314e-01 -6.908858750600040954e-01
-6.659334387023300994e-02 -1.331866877403669047e-01 -1.997800316104016427e-01 -2.663733754803372933e-01 -3.329667193501737454e-01 -3.995600632199111657e-01 -4.661534070895493875e-01 -5.327467509590884109e-01 -5.993400948285284580e-01 -6.659334386978692510e-01
-6.421388764798904858e-02 -1.284277752958812580e-01 -1.926416629436766004e-01 -2.568555505913751591e-01 -3.210694382389767676e-01 -3.852833258864816202e-01 -4.494972135338896058e-01 -5.137111011812007799e-01 -5.779249888284149206e-01 -6.421388764755324718e-01
-6.194098902956004377e-02 -1.238819780590253994e-01 -1.858229670883960738e-01 -2.477639561176720184e-01 -3.097049451468533166e-01 -3.716459341759398849e-01 -4.335869232049317512e-01 -4.955279122338290265e-01 -5.574689012626314888e-01 -6.194098902913393045e-01
-5.976635121222033387e-02 -1.195327024243480196e-01 -1.792990536363830156e-01 -2.390654048483253913e-01 -2.988317560601750911e-01 -3.585981072719321427e-01 -4.183644584835964908e-01 -4.781308096951682463e-01 -5.378971609066472981e-01 -5.976635121180337018e-01
-5.768249450428061809e-02 -1.153649890084705032e-01 -1.730474835125696553e-01 -2.307299780165780745e-01 -2.884124725204957329e-01 -3.460949670243226306e-01 -4.037774615280588786e-01 -4.614599560317043103e-01 -5.191424505352590923e-01 -5.768249450387230581e-01
-5.568265725337878669e-02 -1.113653145066686306e-01 -1.670479717598695735e-01 -2.227306290129816013e-01 -2.784132862660047003e-01 -3.340959435189387872e-01 -3.897786007717841117e-01 -4.454612580245403963e-01 -5.011439152772076966e-01 -5.568265725297864011e-01
-5.376071081558272263e-02 -1.075214216310782372e-01 -1.612821324464865647e-01 -2.150428432618076424e-01 -2.688035540770415954e-01 -3.225642648921882571e-01 -3.763249757072477664e-01 -4.300856865222200676e-01 -4.838463973371051052e-01 -5.376071081519030459e-01
-5.191108629561504845e-02 -1.038221725911445265e-01 -1.557332588865884271e-01 -2.076443451819467156e-01 -2.595554314772194893e-01 -3.114665177724066369e-01 -3.633776040675082419e-01 -4.152886903625241932e-01 -4.671997766574547128e-01 -5.191108629522995788e-01
-5.012871119826084465e-02 -1.002574223964376732e-01 -1.503861335945304301e-01 -2.005148447925391986e-01 -2.506435559904638954e-01 -3.007722671883045762e-01 -3.509009783860612131e-01 -4.010296895837338060e-01 -4.511584007813224662e-01 -5.012871119788270269e-01
-4.840895445938370872e-02 -9.681790891868485849e-02 -1.452268633779034424e-01 -1.936358178370394534e-01 -2.420447722960928638e-01 -2.904537267550637014e-01 -3.388626812139520217e-01 -3.872716356727577414e-01 -4.356805901314809715e-01 -4.840895445901214900e-01
-4.674757858952212353e-02 -9.349515717896306199e-02 -1.402427357683228293e-01 -1.869903143576014115e-01 -2.337378929467987809e-01 -2.804854715359150208e-01 -3.272330501249500756e-01 -3.739806287139039176e-01 -4.207282073027765468e-01 -4.674757858915680186e-01
-4.514069787725986244e-02 -9.028139575443987208e-02 -1.354220936315400081e-01 -1.805627915085603052e-01 -2.257034893855006941e-01 -2.708441872623612579e-01 -3.159848851391420244e-01 -3.611255830158428548e-01 -4.062662808924637492e-01 -4.514069787690048186e-01
-4.358474177387462040e-02 -8.716948354767063700e-02 -1.307542253213880290e-01 -1.743389670950268311e-01 -2.179237088685870571e-01 -2.615084506420685684e-01 -3.050931924154715036e-01 -3.486779341887958905e-01 -3.922626759620416181e-01 -4.358474177352087975e-01
-4.207642272326440891e-02 -8.415284544645140752e-02 -1.262292681695609542e-01 -1.683056908925931461e-01 -2.103821136155478999e-01 -2.524585363384251879e-01 -2.945349590612251212e-01 -3.366113817839476163e-01 -3.786878045065927290e-01 -4.207642272291604035e-01
-4.061270781815370934e-02 -8.122541563623113248e-02 -1.218381234542322694e-01 -1.624508312721571479e-01 -2.030635390900057125e-01 -2.436762469077779769e-01 -2.842889547254739968e-01 -3.249016625430937166e-01 -3.655143703606372196e-01 -4.061270781781042838e-01
-3.919079376005904503e-02 -7.838158752004287244e-02 -1.175723812799515239e-01 -1.567631750397849577e-01 -1.959539687995431601e-01 -2.351447625592261725e-01 -2.743355563188339952e-01 -3.135263500783666002e-01 -3.527171438378239321e-01 -3.919079375972061019e-01
-3.780808468037080705e-02 -7.561616936066743733e-02 -1.134242540408898908e-01 -1.512323387210381676e-01 -1.890404234011122397e-01 -2.268485080811121213e-01 -2.646565927610378677e-01 -3.024646774408893957e-01 -3.402727621206668163e-01 -3.780808468003699629e-01
-3.646217244629824938e-02 -7.292434489252329344e-02 -1.093865173386751322e-01 -1.458486897847537656e-01 -1.823108622307592352e-01 -2.187730346766914580e-01 -2.552352071225504337e-01 -2.916973795683363013e-01 -3.281595520140488942e-01 -3.646217244596883233e-01
-3.515081913080963377e-02 -7.030163826154699203e-02 -1.054524573922120956e-01 -1.406032765228048820e-01 -1.757540956533254206e-01 -2.109049147837736837e-01 -2.460557339141496436e-01 -2.812065530444533556e-01 -3.163573721746847922e-01 -3.515081913048439533e-01
-3.387194137207120981e-02 -6.774388274407101840e-02 -1.016158241159994396e-01 -1.354877654878564874e-01 -1.693597068596421340e-01 -2.032316482313563932e-01 -2.371035896029992374e-01 -2.709755309745707219e-01 -3.048474723460707358e-01 -3.387194137174994180e-01
-3.262359638684522722e-02 -6.524719277361991365e-02 -9.787078916032403153e-02 -1.304943855469576364e-01 -1.631179819335206171e-01 -1.957415783200130988e-01 -2.283651747064350812e-01 -2.609887710927863980e-01 -2.936123674790672156e-01 -3.262359638652775340e-01
-3.140396943514387612e-02 -6.280793887021800248e-02 -9.421190830522237214e-02 -1.256158777401570059e-01 -1.570198471750218761e-01 -1.884238166098169964e-01 -2.198277860445424225e-01 -2.512317554791980156e-01 -2.826357249137839145e-01 -3.140396943483000913e-01
-3.021136256120082741e-02 -6.042272512233265447e-02 -9.063408768339552279e-02 -1.208454502443893769e-01 -1.510568128053142445e-01 -1.812681753661701256e-01 -2.114795379269570619e-01 -2.416909004876749423e-01 -2.719022630483238778e-01 -3.021136256089037575e-01
-2.904418445937103493e-02 -5.808836891867381197e-02 -8.713255337790833110e-02 -1.161767378370745785e-01 -1.452209222961725887e-01 -1.742651067552022925e-01 -2.033092912141637454e-01 -2.323534756730569750e-01 -2.613976601318819259e-01 -2.904418445906385426e-01
-2.790094133360052769e-02 -5.580188266713349138e-02 -8.370282400059887717e-02 -1.116037653339966990e-01 -1.395047066673269498e-01 -1.674056480005896019e-01 -1.953065893337846970e-01 -2.232075306669122072e-01 -2.511084719999721604e-01 -2.790094133329645287e-01
-2.678022863619484301e-02 -5.356045727232277426e-02 -8.034068590838377988e-02 -1.071209145443778599e-01 -1.339011431803050489e-01 -1.606813718161653193e-01 -1.874616004519586432e-01 -2.142418290876850484e-01 -2.410220577233445904e-01 -2.678022863589372138e-01
-2.568072358622983803e-02 -5.136144717239337493e-02 -7.704217075849063845e-02 -1.027228943445215870e-01 -1.284036179304862413e-01 -1.540843415163846153e-01 -1.797650651022166812e-01 -2.054457886879824668e-01 -2.311265122736819722e-01 -2.568072358593151416e-01
-2.460117838048180364e-02 -4.920235676089790289e-02 -7.380353514124829428e-02 -9.840471352153300211e-02 -1.230058919017519847e-01 -1.476070702819053115e-01 -1.722082486619928854e-01 -1.968094270420147618e-01 -2.214106054219709685e-01 -2.460117838018614222e-01
-2.354041402052847384e-02 -4.708082804099181229e-02 -7.062124206139001881e-02 -9.416165608172306911e-02 -1.177020701019909910e-01 -1.412424841221937843e-01 -1.647828981423314076e-01 -1.883233121624038886e-01 -2.118637261824112272e-01 -2.354041402023534790e-01
-2.249731468895748571e-02 -4.499462937785037031e-02 -6.749194406667863300e-02 -8.998925875544230846e-02 -1.124865734441413412e-01 -1.349838881327758144e-01 -1.574812028213456450e-01 -1.799785175098508883e-01 -2.024758321982914888e-01 -2.249731468866675022e-01
-2.147082261563865169e-02 -4.294164523121320187e-02 -6.441246784672365056e-02 -8.588329046216998386e-02 -1.073541130775522434e-01 -1.288249356928703737e-01 -1.502957583081243886e-01 -1.717665809233143159e-01 -1.932374035384401556e-01 -2.147082261535018799e-01
-2.045993338195799607e-02 -4.091986676385236249e-02 -6.137980014568310966e-02 -8.183973352745022023e-02 -1.022996669091537220e-01 -1.227596002907935663e-01 -1.432195336723698087e-01 -1.636794670538824492e-01 -1.841394004353314184e-01 -2.045993338167167719e-01
-1.946369161693285721e-02 -3.892738323380254967e-02 -5.839107485060905656e-02 -7.785476646735238482e-02 -9.731845808403252751e-02 -1.167821497006495263e-01 -1.362458413172033533e-01 -1.557095329336939671e-01 -1.751732245501214369e-01 -1.946369161664857073e-01
-1.848118704436008813e-02 -3.696237408865742785e-02 -5.544356113289201915e-02 -7.392474817706386203e-02 -9.240593522117294956e-02 -1.108871222652192817e-01 -1.293683093092029002e-01 -1.478494963531237494e-01 -1.663306833969818432e-01 -1.848118704407771540e-01
-1.751155084470558745e-02 -3.502310168934882895e-02 -5.253465253392972101e-02 -7.004620337844826017e-02 -8.755775422290447418e-02 -1.050693050672983214e-01 -1.225808559116298296e-01 -1.400924067558989849e-01 -1.576039576001057596e-01 -1.751155084442502508e-01
-1.655395229941719615e-02 -3.310790459877242103e-02 -4.966185689806568160e-02 -6.621580919729697090e-02 -8.276976149646628200e-02 -9.932371379557364266e-02 -1.158776660946190251e-01 -1.324316183936024294e-01 -1.489855706925238832e-01 -1.655395229913833588e-01
-1.560759568881373190e-02 -3.121519137756584988e-02 -4.682278706625635223e-02 -6.243038275488523026e-02 -7.803797844345250478e-02 -9.364557413195817581e-02 -1.092531698204022017e-01 -1.248607655087846102e-01 -1.404683611971054291e-01 -1.560759568853646029e-01
-1.467171741773946360e-02 -2.934343483541764636e-02 -4.401515225303453960e-02 -5.868686967059016241e-02 -7.335858708808450090e-02 -8.803030450551753427e-02 -1.027020219228893111e-01 -1.173737393401997897e-01 -1.320454567574489702e-01 -1.467171741746368940e-01
-1.374558334583231983e-02 -2.749116669160366760e-02 -4.123675003731405025e-02 -5.498233338296345390e-02 -6.872791672855188549e-02 -8.247350007407933115e-02 -9.621908341954581168e-02 -1.099646667649512993e-01 -1.237102501102958219e-01 -1.374558334555794070e-01
-1.282848630158536785e-02 -2.565697260311005160e-02 -3.848545890457404778e-02 -5.131394520597735986e-02 -6.414243150731997745e-02 -7.697091780860193522e-02 -8.979940410982317767e-02 -1.026278904109837603e-01 -1.154563767120836276e-01 -1.282848630131228074e-01
-1.191974376142648957e-02 -2.383948752279256220e-02 -3.575923128409821267e-02 -4.767897504534344966e-02 -5.959871880652826276e-02 -7.151846256765266585e-02 -8.343820632871665199e-02 -9.535795008972021425e-02 -1.072776938506633526e-01 -1.191974376115460671e-01
-1.101869567683649853e-02 -2.203739135361282298e-02 -3.305608703032897333e-02 -4.407478270698496348e-02 -5.509347838358077953e-02 -6.611217406011640763e-02 -7.713086973659187551e-02 -8.814956541300718318e-02 -9.916826108936230288e-02 -1.101869567656572624e-01
-1.012470243410204702e-02 -2.024940486814415241e-02 -3.037410730212630403e-02 -4.049880973604852441e-02 -5.062351216991078928e-02 -6.074821460371310211e-02 -7.087291703745549065e-02 -8.099761947113791327e-02 -9.112232190476039773e-02 -1.012470243383229579e-01
-9.237142932683089017e-03 -1.847428586530643763e-02 -2.771142879787005103e-02 -3.694857173037392056e-02 -4.618571466281805316e-02 -5.542285759520246269e-02 -6.466000052752711447e-02 -7.389714345979202237e-02 -8.313428639199720027e-02 -9.237142932414263430e-02
-8.355412769387652108e-03 -1.671082553871575463e-02 -2.506623830798429889e-02 -3.342165107719329703e-02 -4.177706384634274905e-02 -5.013247661543263761e-02 -5.848788938446297658e-02 -6.684330215343377291e-02 -7.519871492234501964e-02 -8.355412769119670291e-02
-7.478922516609087801e-03 -1.495784503315879081e-02 -2.243676754964910730e-02 -2.991569006608004247e-02 -3.739461258245160152e-02 -4.487353509876377405e-02 -5.235245761501655659e-02 -5.983138013120995607e-02 -6.731030264734397250e-02 -7.478922516341861282e-02
-6.607096083809054117e-03 -1.321419216755887437e-02 -1.982128825124945815e-02 -2.642838433488080979e-02 -3.303548041845292410e-02 -3.964257650196580107e-02 -4.624967258541944765e-02 -5.285676866881386382e-02 -5.946386475214904960e-02 -6.607096083542499110e-02
-5.739369152237855376e-03 -1.147873830441660699e-02 -1.721810745653625310e-02 -2.295747660859679545e-02 -2.869684576059823231e-02 -3.443621491254056366e-02 -4.017558406442379298e-02 -4.591495321624792375e-02 -5.165432236801294208e-02 -5.739369151971885491e-02
-4.875187673584292954e-03 -9.750375347109593166e-03 -1.462556302057589977e-02 -1.950075069398321537e-02 -2.437593836733153996e-02 -2.925112604062087007e-02 -3.412631371385121265e-02 -3.900150138702255381e-02 -4.387668906013490050e-02 -4.875187673318826659e-02
-4.014006423850532447e-03 -8.028012847642165828e-03 -1.204201927137489928e-02 -1.605602569504873539e-02 -2.007003211866366724e-02 -2.408403854221970175e-02 -2.809804496571684240e-02 -3.211205138915507878e-02 -3.612605781253441783e-02 -4.014006423585485955e-02
-3.155287604262295691e-03 -6.310575208465768644e-03 -9.465862812610416691e-03 -1.262115041669624113e-02 -1.577643802072323936e-02 -1.893172562469141659e-02 -2.208701322860076935e-02 -2.524230083245129763e-02 -2.839758843624300491e-02 -3.155287603997588425e-02
-2.298499481458389938e-03 -4.596998962858012648e-03 -6.895498444198868565e-03 -9.193997925480958122e-03 -1.149249740670428045e-02 -1.379099688786883729e-02 -1.608949636897462690e-02 -1.838799585002164755e-02 -2.068649533100990270e-02 -2.298499481193939237e-02
-1.443115059562416220e-03 -2.886230119066105111e-03 -4.329345178511066240e-03 -5.772460237897300041e-03 -7.215575297224805645e-03 -8.658690356493584789e-03 -1.010180541570363313e-02 -1.154492047485495936e-02 -1.298803553394755478e-02 -1.443115059298142114e-02
-5.886107770284060726e-04 -1.177221553998105850e-03 -1.765832330909099549e-03 -2.354443107761386520e-03 -2.943053884554967196e-03 -3.531664661289841793e-03 -4.120275437966009445e-03 -4.708886214583472320e-03 -5.297496991142226948e-03 -5.886107767642275931e-03
2.655347786248390789e-04 5.310695573083810917e-04 7.966043360506259302e-04 1.062139114851573703e-03 1.327673893711224518e-03 1.593208672629578375e-03 1.858743451606634841e-03 2.124278230642394349e-03 2.389813009736857334e-03 2.655347788890022494e-03
1.119842144915636148e-03 2.239684289889989650e-03 3.359526434923060505e-03 4.479368580014849582e-03 5.599210725165356013e-03 6.719052870374578497e-03 7.838895015642518768e-03 8.958737160969176827e-03 1.007857930635455354e-02 1.119842145179864717e-02
1.974832253962819674e-03 3.949664507984389228e-03 5.924496762064708662e-03 7.899329016203777976e-03 9.874161270401596302e-03 1.184899352465816624e-02 1.382382577897348259e-02 1.579865803334755056e-02 1.777349028778037188e-02 1.974832254227193787e-02
2.831027704095478385e-03 5.662055408249757824e-03 8.493083112462836148e-03 1.132411081673471639e-02 1.415513852106539509e-02 1.698616622545487745e-02 1.981719392990315479e-02 2.264822163441023578e-02 2.547924933897611349e-02 2.831027704360079833e-02
3.688954040112098470e-03 7.377908080283065648e-03 1.106686212051290197e-02 1.475581616080160266e-02 1.844477020114917987e-02 2.213372424155561971e-02 2.582267828202092913e-02 2.951163232254510813e-02 3.320058636312814976e-02 3.688954040377007138e-02
4.549141048869314446e-03 9.098282097797585205e-03 1.364742314678481228e-02 1.819656419583098872e-02 2.274570524493612841e-02 2.729484629410022095e-02 3.184398734332325592e-02 3.639312839260526455e-02 4.094226944194622603e-02 4.549141049134612647e-02
5.412124077017636987e-03 1.082424815409433437e-02 1.623637223123008955e-02 2.164849630842490685e-02 2.706062038567878456e-02 3.247274446299171918e-02 3.788486854036372115e-02 4.329699261779477309e-02 4.870911669528489585e-02 5.412124077283406859e-02
6.278445377900459742e-03 1.255689075586010305e-02 1.883533613387892991e-02 2.511378151195694033e-02 3.139222689009413952e-02 3.767067226829051707e-02 4.394911764654607644e-02 5.022756302486081764e-02 5.650600840323473373e-02 6.278445378166784552e-02
7.148655494896300443e-03 1.429731098985192496e-02 2.144596648486687268e-02 2.859462197994114968e-02 3.574327747507475422e-02 4.289193297026767243e-02 5.004058846551992512e-02 5.718924396083150535e-02 6.433789945620241313e-02 7.148655495163264151e-02
8.023314688815980089e-03 1.604662937769145079e-02 2.406994406662639821e-02 3.209325875562084318e-02 4.011657344467476488e-02 4.813988813378818066e-02 5.616320282296106969e-02 6.418651751219345281e-02 7.220983220148531612e-02 8.023314689083668738e-02
8.902994417371268634e-03 1.780598883480220135e-02 2.670898325229279988e-02 3.561197766984306595e-02 4.451497208745299611e-02 5.341796650512259381e-02 6.232096092285185213e-02 7.122395534064078493e-02 8.012694975848938528e-02 8.902994417639763236e-02
9.788278875214729766e-03 1.957655775048932137e-02 2.936483662582378001e-02 3.915311550121810397e-02 4.894139437667228976e-02 5.872967325218634432e-02 6.851795212776026767e-02 7.830623100339405285e-02 8.809450987908769293e-02 9.788278875484120178e-02
1.067976660361957472e-02 2.135953320729922986e-02 3.203929981103897928e-02 4.271906641483879524e-02 5.339883301869870896e-02 6.407859962261869269e-02 7.475836622659876030e-02 8.543813283063894648e-02 9.611789943473918185e-02 1.067976660388995080e-01
1.157807217953077568e-02 2.315614435912187116e-02 3.473421653877329512e-02 4.631228871848502848e-02 5.789036089825710940e-02 6.946843307808948931e-02 8.104650525798220984e-02 9.262457743793522935e-02 1.042026496179485895e-01 1.157807217980222625e-01
1.248382799448508745e-02 2.496765598903075839e-02 3.745148398363700587e-02 4.993531197830384377e-02 6.241913997303125128e-02 7.490296796781925615e-02 8.738679596266783756e-02 9.987062395757699551e-02 1.123544519525467439e-01 1.248382799475770549e-01
1.339768613477887102e-02 2.679537226961860308e-02 4.019305840451920658e-02 5.359074453948065725e-02 6.698843067450296895e-02 8.038611680958616945e-02 9.378380294473021017e-02 1.071814890799351327e-01 1.205791752152008817e-01 1.339768613505275263e-01
1.432032037527223613e-02 2.864064075060563166e-02 4.296096112600019529e-02 5.728128150145592179e-02 7.160160187697281464e-02 8.592192225255088078e-02 1.002422426281900647e-01 1.145625630038904635e-01 1.288828833796519802e-01 1.432032037554747117e-01
1.525242830037216654e-02 3.050485660080581862e-02 4.575728490130095971e-02 6.100971320185758634e-02 7.626214150247571932e-02 9.151456980315531009e-02 1.067669981038963933e-01 1.220194264046989829e-01 1.372718547055630511e-01 1.525242830064885979e-01
1.619473356705362216e-02 3.238946713416907680e-02 4.858420070134637087e-02 6.477893426858549741e-02 8.097366783588644257e-02 9.716840140324922714e-02 1.133631349706738511e-01 1.295578685381603146e-01 1.457526021057085897e-01 1.619473356733187042e-01
1.714798832627793812e-02 3.429597665261807649e-02 5.144396497902041510e-02 6.859195330548495395e-02 8.573994163201169305e-02 1.028879299586006463e-01 1.200359182852517997e-01 1.371839066119651673e-01 1.543318949387406935e-01 1.714798832655784200e-01
1.811297582087696353e-02 3.622595164181652283e-02 5.433892746281866748e-02 7.245190328388341483e-02 9.056487910501076488e-02 1.086778549262006899e-01 1.267908307474532315e-01 1.449038065687683619e-01 1.630167823901460533e-01 1.811297582115863614e-01
1.909051317991829200e-02 3.818102635989958915e-02 5.727153953994391228e-02 7.636205272005122668e-02 9.545256590022156706e-02 1.145430790804549126e-01 1.336335922607512494e-01 1.527241054411106191e-01 1.718146186215330218e-01 1.909051318020183741e-01
2.008145443178521380e-02 4.016290886363388379e-02 6.024436329554599262e-02 8.032581772752156457e-02 1.004072721595606066e-01 1.204887265916630840e-01 1.405701810238290106e-01 1.606516354560583726e-01 1.807330898883512116e-01 2.008145443207074998e-01
2.108669376073514165e-02 4.217338752153419745e-02 6.326008128239718475e-02 8.434677504332407927e-02 1.054334688043148949e-01 1.265201625653696316e-01 1.476068563264882894e-01 1.686935500876708682e-01 1.897802438489173960e-01 2.108669376102277615e-01
2.210716903458713467e-02 4.421433806923868309e-02 6.632150710395462445e-02 8.842867613873502119e-02 1.105358451735798248e-01 1.326430142084890074e-01 1.547501832434626245e-01 1.768573522785006624e-01 1.989645213136030932e-01 2.210716903487699725e-01
2.314386563448881870e-02 4.628773126904257851e-02 6.943159690366126902e-02 9.257546253834489369e-02 1.157193281730934664e-01 1.388631938079069317e-01 1.620070594427853727e-01 1.851509250777287618e-01 2.082947907127370712e-01 2.314386563478103565e-01
2.419782062148740157e-02 4.839564124304028547e-02 7.259346186465866213e-02 9.679128248634254195e-02 1.209891031080918694e-01 1.451869237299067139e-01 1.693847443517870477e-01 1.935825649737328291e-01 2.177803855957441137e-01 2.419782062178208737e-01
2.527012727895543501e-02 5.054025455797693522e-02 7.581038183706451106e-02 1.010805091162181313e-01 1.263506363954378375e-01 1.516207636747236021e-01 1.768908909540754526e-01 2.021610182334933337e-01 2.274311455129773007e-01 2.527012727925272983e-01
2.636194007488652444e-02 5.272388014983973165e-02 7.908582022485960428e-02 1.054477602999461666e-01 1.318097003750993979e-01 1.581716404503193119e-01 1.845335805256058948e-01 2.108955206009591743e-01 2.372574606763790950e-01 2.636194007518657401e-01
2.747448009378505515e-02 5.494896018763743145e-02 8.242344028155712543e-02 1.098979203755441475e-01 1.373724004695984768e-01 1.648468805637201273e-01 1.923213606579091406e-01 2.197958407521654056e-01 2.472703208464890612e-01 2.747448009408799963e-01
2.860904099445037499e-02 5.721808198896874420e-02 8.582712298355510416e-02 1.144361639782094792e-01 1.430452049729317998e-01 1.716542459677221910e-01 2.002632869625805279e-01 2.288723279575068659e-01 2.574813689525012883e-01 2.860904099475636286e-01
2.976699555754765136e-02 5.953399111516401165e-02 8.930098667284908087e-02 1.190679822306028729e-01 1.488349777884253600e-01 1.786019733463165282e-01 2.083689689042764748e-01 2.381359644623050886e-01 2.679029600204023698e-01 2.976699555785684015e-01
3.094980289563988018e-02 6.189960579134921176e-02 9.284940868712800166e-02 1.237992115829762568e-01 1.547490144788939426e-01 1.856988173748811422e-01 2.166486202709377307e-01 2.475984231670638192e-01 2.785482260632593521e-01 3.094980289595243295e-01
3.215901640853747329e-02 6.431803281714519593e-02 9.647704922582316100e-02 1.286360656345713616e-01 1.607950820433898254e-01 1.929540984522785108e-01 2.251131148612374178e-01 2.572721312702666019e-01 2.894311476793660076e-01 3.215901640885356350e-01
3.339629257865552037e-02 6.679258515738212276e-02 1.001888777361797794e-01 1.335851703150484904e-01 1.669814628939883250e-01 2.003777554729991861e-01 2.337740480520811015e-01 2.671703406312341267e-01 3.005666332104581784e-01 3.339629257897532844e-01
3.466340071485407570e-02 6.932680142978009386e-02 1.039902021447780545e-01 1.386536028598479298e-01 1.733170035749897753e-01 2.079804042902034800e-01 2.426438050054891826e-01 2.773072057208468277e-01 3.119706064362764431e-01 3.466340071517779453e-01
3.596223376933845722e-02 7.192446753874975895e-02 1.078867013082339121e-01 1.438489350777909237e-01 1.798111688474207659e-01 2.157734026171234665e-01 2.517356363868990532e-01 2.876978701567474150e-01 3.236601039266686075e-01 3.596223376966627971e-01
3.729482037105222303e-02 7.458964074217824813e-02 1.118844611133780892e-01 1.491792814846517323e-01 1.864741018559991359e-01 2.237689222274204248e-01 2.610637425989155158e-01 2.983585629704843534e-01 3.356533833421269652e-01 3.729482037138435180e-01
3.866333824113948187e-02 7.732667648235376501e-02 1.159900147236428702e-01 1.546533529650067629e-01 1.933166912064454845e-01 2.319800294479590630e-01 2.706433676895473872e-01 3.093067059312105127e-01 3.479700441729485783e-01 3.866333824147612508e-01
4.007012918213176400e-02 8.014025836433939787e-02 1.202103875466229155e-01 1.602805167289822752e-01 2.003506459114175742e-01 2.404207750939286736e-01 2.804909042765156291e-01 3.205610334591784683e-01 3.606311626419172467e-01 4.007012918247318534e-01
4.151771586332136943e-02 8.303543172671973283e-02 1.245531475901950624e-01 1.660708634537473583e-01 2.075885793173766480e-01 2.491062951810829595e-01 2.906240110448662373e-01 3.321417269087265089e-01 3.736594427726636636e-01 4.151771586366778677e-01
4.300882066128698666e-02 8.601764132265214691e-02 1.290264619840954252e-01 1.720352826456168771e-01 2.150441033072164609e-01 2.580529239688941767e-01 3.010617446306501077e-01 3.440705652924841429e-01 3.870793859543963933e-01 4.300882066163867479e-01
4.454638685793477215e-02 8.909277371594891137e-02 1.336391605740424593e-01 1.781855474322153743e-01 2.227319342904676425e-01 2.672783211487993471e-01 3.118247080072104049e-01 3.563710948657008437e-01 4.009174817242706634e-01 4.454638685829198086e-01
4.613360255018263134e-02 9.226720510044594814e-02 1.384008076507899365e-01 1.845344102012145826e-01 2.306680127517199697e-01 2.768016153023059034e-01 3.229352178529726336e-01 3.690688204037200215e-01 4.152024229545480671e-01 4.613360255054567705e-01
4.777392768738106948e-02 9.554785537484418445e-02 1.433217830623893241e-01 1.910957107500164953e-01 2.388696384377257120e-01 2.866435661255169465e-01 3.344174938133902542e-01 3.821914215013455518e-01 4.299653491893828949e-01 4.777392768775023946e-01
4.947112472701062358e-02 9.894224945410472205e-02 1.484133741812822815e-01 1.978844989085433437e-01 2.473556236358878391e-01 2.968267483633157955e-01 3.462978730908272684e-01 3.957689978184222301e-01 4.452401225461006251e-01 4.947112472738624533e-01
5.122929348898223184e-02 1.024585869780494513e-01 1.536878804672016652e-01 2.049171739564388528e-01 2.561464674457610280e-01 3.073757609351681075e-01 3.586050544246602301e-01 4.098343479142374512e-01 4.610636414038994935e-01 5.122929348936465788e-01
5.305291089758416845e-02 1.061058217952548927e-01 1.591587326930122281e-01 2.122116435908561194e-01 2.652645544887865525e-01 3.183174653868037218e-01 3.713703762849072665e-01 4.244232871830975196e-01 4.774761980813743145e-01 5.305291089797377069e-01
5.494687643230994345e-02 1.098937528647081358e-01 1.648406292971945908e-01 2.197875057297693224e-01 2.747343821624322890e-01 3.296812585951835461e-01 3.846281350280230660e-01 4.395750114609507930e-01 4.945218878939668938e-01 5.494687643270711463e-01
5.691656427023315812e-02 1.138331285405563553e-01 1.707496928109696055e-01 2.276662570814728670e-01 2.845828213520661953e-01 3.414993856227495628e-01 3.984159498935230248e-01 4.553325141643864149e-01 5.122490784353398441e-01 5.691656427063833679e-01
5.896788330063592459e-02 1.179357666013637618e-01 1.769036499021835462e-01 2.358715332030952017e-01 2.948394165040987835e-01 3.538072998051943197e-01 4.127751831063817822e-01 4.717430664076611713e-01 5.307109497090324313e-01 5.896788330104956177e-01
6.110734643670907851e-02 1.222146928735120680e-01 1.833220393104089685e-01 2.444293857473997800e-01 3.055367321844845163e-01 3.666440786216630943e-01 4.277514250589355971e-01 4.888587714963020248e-01 5.499661179337624883e-01 6.110734643713167102e-01
6.334215095154901998e-02 1.266843019031940465e-01 1.900264528549351351e-01 2.533686038067721746e-01 3.167107547587052485e-01 3.800529057107343567e-01 4.433950566628594991e-01 5.067372076150806759e-01 5.700793585673977759e-01 6.334215095198109102e-01
6.568027194226509768e-02 1.313605438846284501e-01 1.970408158270900434e-01 2.627210877696498637e-01 3.284013597123079942e-01 3.940816316550643794e-01 4.597619035979189639e-01 5.254421755408719141e-01 5.911224474839228415e-01 6.568027194270722458e-01
6.813057149757148490e-02 1.362611429952435838e-01 2.043917144930163243e-01 2.725222859908896789e-01 3.406528574888636474e-01 4.087834289869382576e-01 4.769140004851134540e-01 5.450445719833892921e-01 6.131751434817657165e-01 6.813057149802428381e-01
7.070292673814214390e-02 1.414058534763874275e-01 2.121087802147358647e-01 2.828117069531874694e-01 3.535146336917421861e-01 4.242175604303999870e-01 4.949204871691610941e-01 5.656234139080252854e-01 6.363263406469925609e-01 7.070292673860629762e-01
7.340838065157637149e-02 1.468167613032585750e-01 2.202251419550466383e-01 2.936335226069404780e-01 3.670419032589401498e-01 4.404502839110457368e-01 5.138586645632570171e-01 5.872670452155741572e-01 6.606754258679973235e-01 7.340838065205260721e-01
7.625932060358990572e-02 1.525186412072885023e-01 2.287779618110958313e-01 3.050372824150117679e-01 3.812966030190364508e-01 4.575559236231698801e-01 5.338152442274118892e-01 6.100745648317627001e-01 6.863338854362220909e-01 7.625932060407901725e-01
7.926969063939802440e-02 1.585393812789077927e-01 2.378090719185293467e-01 3.170787625582625613e-01 3.963484531981076309e-01 4.756181438380644444e-01 5.548878344781329464e-01 6.341575251183131368e-01 7.134272157586051266e-01 7.926969063990089159e-01
8.245524528301491352e-02 1.649104905661448461e-01 2.473657358493898117e-01 3.298209811327497687e-01 4.122762264162247448e-01 4.947314716998147954e-01 5.771867169835197542e-01 6.596419622673397321e-01 7.420972075512747290e-01 8.245524528353248561e-01
8.583385461908538128e-02 1.716677092382892789e-01 2.575015638576116928e-01 3.433354184770526230e-01 4.291692730966120695e-01 5.150031277162899768e-01 6.008369823360865114e-01 6.866708369560016179e-01 7.725046915760350741e-01 8.583385461961872132e-01
